v 0.000000 0.000000 0.000000
v 0.000000 0.000000 20.000000
v 20.001377 0.008311 -0.001076
v 20.000000 0.022429 20.000000
v 7.000001 0.000000 0.000000
v 7.000000 0.000000 20.000000
v 2.000001 0.000000 0.000000
v 1.998636 0.011236 20.001934
v 1.000000 0.000000 0.000000
v 0.999872 0.001092 20.000174
v 2.999391 0.002949 20.001226
v 3.000000 0.000000 0.000000
v 5.000000 0.000000 20.000000
v 5.000000 0.000000 0.000000
v 4.000001 0.000000 0.000000
v 4.000000 0.000000 20.000000
v 6.000000 0.000000 20.000000
v 6.000001 0.000000 0.000000
v 10.977172 0.115038 20.160851
v 11.000001 0.000000 0.000000
v 9.000001 0.000000 0.000000
v 9.005538 0.095698 20.145500
v 10.003547 0.156788 20.206585
v 9.999999 0.000009 -0.000004
v 8.000001 0.000000 0.000000
v 8.000019 0.001727 20.000584
v 12.993569 0.063969 20.008703
v 13.000001 0.000371 0.000000
v 11.999983 0.000057 -0.000017
v 11.998352 0.010008 20.008064
v 13.977264 0.123660 20.048828
v 13.999995 0.005914 -0.000021
v 17.128361 0.353873 20.307426
v 16.997761 0.029731 -0.017577
v 15.992622 0.051156 -0.027781
v 16.057716 0.283745 20.152622
v 14.996582 0.027440 -0.013218
v 15.010929 0.173183 20.090412
v 18.023487 0.157894 20.038284
v 18.002935 0.017603 -0.002319
v 19.000000 0.019661 20.000000
v 19.012909 0.076865 -0.009994
v 0.000000 0.000000 10.000000
v 20.000374 0.033576 9.999671
v 6.993397 0.042634 10.004601
v 1.998751 0.083360 9.997079
v 0.999157 0.057720 9.998511
v 2.999254 0.096877 9.996217
v 5.000128 0.079432 9.999454
v 4.000091 0.094726 9.996500
v 5.998068 0.053760 10.001488
v 10.972434 0.199752 10.019867
v 8.999996 0.002556 10.000003
v 10.000000 0.122142 10.000000
v 7.993349 0.028839 10.003977
v 12.812180 0.654251 10.073470
v 11.947240 0.221868 10.034629
v 13.536597 1.119378 9.701075
v 17.475035 0.831083 9.755056
v 16.813953 1.352876 9.204378
v 14.928680 1.085494 9.526658
v 18.430000 0.625957 9.834363
v 19.226492 0.346274 9.917330
v 20.295162 0.234985 5.049957
v 6.866122 0.301412 5.169126
v 1.999136 0.069882 5.004026
v 1.000101 0.072422 5.002029
v 2.997942 0.062430 5.005199
v 4.963828 0.104038 5.040861
v 3.989053 0.056390 5.012665
v 5.924439 0.189348 5.088848
v 10.794613 0.483642 4.994551
v 8.866343 0.343188 5.148720
v 9.744801 0.344167 5.062390
v 7.852924 0.365525 5.224442
v 13.038101 0.581356 5.050301
v 11.908390 0.629568 5.067996
v 14.068296 0.550234 5.037858
v 17.257046 0.577490 4.961708
v 16.176453 0.532127 5.021839
v 15.107114 0.538532 5.039365
v 18.365078 0.623416 4.883924
v 19.310410 0.405433 4.973026
v 0.000000 0.000000 5.000000
v -0.000087 0.000600 19.000057
v 20.051285 0.220224 19.102655
v 7.000000 0.112931 19.000000
v 1.977631 0.134964 19.036800
v 0.981782 0.104430 19.017565
v 2.975358 0.121092 19.049110
v 5.000000 0.071706 19.000000
v 3.997110 0.025414 19.005869
v 6.000000 0.101547 19.000000
v 10.930377 0.275920 19.293150
v 8.999702 0.228463 19.173553
v 9.968753 0.251593 19.235806
v 8.001833 0.157860 19.066236
v 12.737967 0.683216 19.285324
v 11.808339 0.451421 19.340012
v 13.742415 0.681654 19.397932
v 17.228970 0.531641 19.615234
v 16.126183 0.577449 19.720715
v 14.917187 0.657079 19.755917
v 18.269003 0.486590 19.522442
v 19.156258 0.380455 19.290157
v 20.102451 0.119739 1.992189
v 6.912375 0.196197 1.975881
v 1.999968 0.002186 2.000010
v 1.000000 0.000000 2.000000
v 2.999676 0.029685 2.000502
v 4.997555 0.134844 2.000539
v 3.999265 0.064995 2.000474
v 5.975502 0.176274 1.994138
v 10.870943 0.311472 1.916177
v 8.963481 0.267582 1.988976
v 9.944731 0.252689 1.975480
v 7.935741 0.246984 1.982958
v 12.964606 0.365456 1.839150
v 11.856769 0.357164 1.839999
v 14.035735 0.324959 1.896333
v 17.143497 0.351941 1.919127
v 16.002079 0.251299 1.991249
v 15.029585 0.283976 1.921835
v 18.181919 0.315411 1.908491
v 19.148569 0.225019 1.949604
v 0.000000 0.000000 2.000000
v 20.015667 0.083737 0.988941
v 6.955628 0.137283 0.959898
v 2.000001 0.000000 1.000000
v 1.000000 0.000000 1.000000
v 3.000000 0.000000 1.000000
v 4.999897 0.026431 0.999909
v 4.000001 0.000000 1.000000
v 5.986327 0.117446 0.988457
v 10.985528 0.120631 0.982994
v 8.938423 0.210488 0.949778
v 9.966621 0.187891 0.963405
v 7.941356 0.146611 0.944759
v 12.989550 0.085707 0.989765
v 11.962750 0.124420 0.964048
v 13.997176 0.161499 0.976923
v 17.025927 0.180384 0.924799
v 15.980569 0.152096 0.926251
v 14.986622 0.148725 0.946409
v 18.161114 0.215345 0.894640
v 19.071281 0.166229 0.954043
v 0.000000 0.000000 1.000000
v 0.000000 0.000000 4.000000
v 20.347107 0.263265 4.046786
v 6.848331 0.338321 4.151397
v 1.998836 0.067216 4.002584
v 0.999816 0.083419 4.000327
v 2.998238 0.065170 4.003226
v 4.958080 0.135373 4.039025
v 3.980924 0.085658 4.015982
v 5.917081 0.215435 4.079689
v 10.702631 0.482872 3.904250
v 8.908422 0.327613 4.058609
v 9.740608 0.382747 3.990455
v 7.921008 0.340646 4.115341
v 13.014716 0.576825 4.011972
v 11.878548 0.568565 3.972502
v 14.063158 0.523939 3.999846
v 17.217022 0.504394 3.951769
v 16.168472 0.422567 3.985776
v 15.100722 0.472417 4.004155
v 18.262615 0.459650 3.940598
v 19.280203 0.347004 3.983024
v 20.174461 0.100392 3.014753
v 6.915137 0.243708 3.028431
v 1.998755 0.044855 3.001843
v 0.999865 0.046453 3.000039
v 2.998341 0.056653 3.001765
v 4.971063 0.137270 3.019524
v 3.987460 0.083430 3.006892
v 5.943618 0.193845 3.030829
v 10.750051 0.456192 2.859896
v 8.936016 0.320291 3.047167
v 9.833912 0.385449 2.988050
v 7.948332 0.290499 3.046471
v 12.966523 0.530216 2.903771
v 11.838912 0.516365 2.852335
v 14.057405 0.499765 2.914708
v 17.101019 0.408899 2.957098
v 16.034855 0.348766 2.968057
v 15.060992 0.390242 2.948255
v 18.186874 0.362100 2.944231
v 19.198112 0.259213 2.972597
v 0.000000 0.000000 3.000000
v 0.000000 0.000000 7.000000
v 20.109825 0.078494 6.997524
v 6.951153 0.132882 7.052089
v 2.002192 0.087029 7.006555
v 1.000860 0.056734 7.002383
v 3.003292 0.093785 7.009368
v 4.987032 0.044213 7.018630
v 4.000000 0.000001 7.000000
v 5.968868 0.090991 7.036859
v 10.793431 0.501050 7.146899
v 8.877073 0.193065 7.024343
v 9.723675 0.505961 7.114707
v 7.934976 0.160756 7.049658
v 13.044531 0.461419 7.073477
v 11.900941 0.528097 7.166368
v 13.994148 0.672475 6.978924
v 17.235989 0.811611 6.877019
v 16.096479 0.899496 6.798722
v 15.011257 0.795263 6.886860
v 18.308477 0.771616 6.948326
v 19.235535 0.417974 6.968987
v 20.234104 0.164632 6.027673
v 6.932154 0.194536 6.097312
v 2.000625 0.072271 6.004799
v 1.000870 0.066420 6.002876
v 3.000193 0.062023 6.005279
v 4.978252 0.066697 6.029819
v 3.999562 0.016430 6.000806
v 5.951776 0.133830 6.062804
v 10.868728 0.444644 6.117454
v 8.867892 0.214187 6.116270
v 9.720657 0.358401 6.065454
v 7.951019 0.222520 6.113518
v 13.043151 0.552700 6.118967
v 11.897857 0.612344 6.174507
v 14.046381 0.588811 6.043179
v 17.267797 0.651463 5.979325
v 16.141685 0.688379 5.945590
v 15.054118 0.659819 6.003643
v 18.423954 0.711266 5.920134
v 19.301250 0.421423 5.973577
v 0.000000 0.000000 6.000000
v 0.000000 0.000000 8.000000
v 20.003063 0.013228 7.998535
v 6.967224 0.087524 8.026310
v 2.001156 0.075617 8.003116
v 1.000405 0.047396 8.001209
v 3.001265 0.080911 8.003244
v 4.994927 0.031544 8.007502
v 4.000219 0.055615 8.000350
v 5.981528 0.060431 8.018636
v 10.823042 0.462237 8.170776
v 8.918892 0.124734 8.010773
v 9.805767 0.468155 8.170016
v 7.951394 0.105203 8.023567
v 13.028958 0.500267 7.882956
v 11.827662 0.505730 8.213402
v 13.943142 0.853493 7.805420
v 17.287018 0.924782 7.814779
v 16.177273 0.969906 7.719719
v 14.992508 0.874765 7.813993
v 18.408630 0.790475 7.929790
v 19.223534 0.402607 7.955739
v 0.000000 0.000000 9.000000
v 20.002695 0.072283 8.997623
v 6.983957 0.053579 9.011752
v 1.999947 0.073627 8.999916
v 0.999790 0.047840 8.999848
v 3.000129 0.083542 8.999657
v 4.999998 0.000131 9.000003
v 4.000171 0.072550 8.999254
v 5.992126 0.038420 9.006932
v 10.945005 0.336120 9.103490
v 9.000000 0.026398 9.000000
v 9.993375 0.168249 9.016174
v 7.982388 0.051984 9.009670
v 12.892031 0.554312 8.978777
v 11.924210 0.289367 9.086998
v 13.586171 1.035099 8.727595
v 17.362762 0.857045 8.806276
v 16.396515 1.140543 8.435804
v 14.899189 1.017798 8.687584
v 18.544891 0.751887 8.824880
v 19.249981 0.392627 8.923611
v 20.215153 0.408201 16.055117
v 6.998529 0.416411 15.981567
v 1.846937 0.277018 15.938601
v 0.910260 0.215950 15.943272
v 2.853686 0.362891 15.966953
v 4.935836 0.418193 15.969921
v 3.890545 0.425860 15.973606
v 5.967098 0.428783 15.977213
v 10.921205 0.232903 15.863256
v 9.042271 0.337671 15.903256
v 10.044655 0.229215 15.874531
v 8.017074 0.359197 15.966699
v 12.693030 0.467991 16.191826
v 11.770451 0.422728 16.053310
v 13.628194 0.615866 16.445190
v 17.810204 0.823154 16.765240
v 16.348579 1.085986 16.659212
v 14.645197 1.173413 16.714781
v 18.539211 0.600743 16.369274
v 19.357162 0.464519 16.138832
v -0.003593 0.026214 15.998653
v 20.004593 0.007304 11.999519
v 6.999190 0.057390 12.000121
v 1.991443 0.099690 11.988581
v 0.995857 0.056878 11.994873
v 2.994280 0.120206 11.983854
v 5.007121 0.108563 11.971282
v 3.999919 0.120411 11.975530
v 6.002347 0.103140 11.996793
v 10.946490 0.130859 11.997430
v 8.993311 0.066935 12.008686
v 9.984633 0.118078 12.020620
v 7.996785 0.055361 12.003290
v 12.527585 0.722015 12.127954
v 11.867385 0.125201 11.995327
v 13.574417 0.815213 12.129033
v 17.737843 0.846773 11.760204
v 16.721407 1.389580 11.499013
v 14.704033 1.567667 11.678181
v 18.347759 0.489808 11.878382
v 19.205662 0.280752 11.946229
v 0.000000 0.000000 11.999999
v -0.005647 0.039033 18.003807
v 20.042646 0.239093 18.065208
v 6.996022 0.317104 18.059824
v 1.887144 0.168872 18.033813
v 0.975368 0.137594 18.021072
v 2.871294 0.330036 18.034637
v 4.944366 0.307638 18.008375
v 3.901434 0.346678 18.009212
v 5.975144 0.302712 18.019781
v 10.762115 0.599562 18.134953
v 8.994376 0.384719 18.204060
v 9.869767 0.561156 18.243416
v 8.002360 0.319247 18.107590
v 12.623259 0.751208 18.228580
v 11.699385 0.660481 18.104557
v 13.549383 0.857667 18.342663
v 17.585398 0.749547 18.924517
v 16.240637 0.939627 18.954227
v 14.635239 1.029321 18.534567
v 18.372448 0.574014 18.510571
v 19.154690 0.439570 18.202702
v 20.171942 0.416544 17.144724
v 6.993417 0.388788 17.020054
v 1.852103 0.249611 17.009254
v 0.932653 0.167327 17.016899
v 2.854218 0.387849 16.996441
v 4.920199 0.449093 16.991598
v 3.872058 0.469070 16.976803
v 5.967234 0.426891 17.003452
v 10.834837 0.487460 17.007084
v 9.000270 0.371447 17.038603
v 9.954725 0.388332 17.013647
v 8.003998 0.361555 17.033281
v 12.571324 0.681289 17.213486
v 11.712043 0.568410 17.116112
v 13.393524 0.992019 17.413210
v 17.728466 0.840825 17.841282
v 16.151735 1.034289 17.826895
v 14.597155 1.116751 17.683393
v 18.460320 0.610986 17.461103
v 19.276789 0.493613 17.168694
v -0.001442 0.007455 17.000246
v 20.000000 0.000000 11.000000
v 6.997468 0.048565 11.001791
v 1.996707 0.101233 10.993678
v 0.998312 0.064526 10.996972
v 2.998030 0.116465 10.991467
v 5.002090 0.100817 10.994399
v 4.000129 0.107637 10.989535
v 6.000097 0.092963 10.999860
v 11.000000 0.127631 11.000000
v 8.998542 0.016158 11.001780
v 9.999158 0.053544 11.001132
v 7.996579 0.032564 11.002748
v 12.730024 0.670218 11.096512
v 11.994851 0.114752 11.003382
v 13.409939 1.166305 10.757651
v 17.688438 0.856570 10.696345
v 16.926003 1.411856 10.039309
v 14.625387 1.455205 10.381791
v 18.321587 0.539842 10.873720
v 19.194500 0.302095 10.932351
v 0.000000 0.000000 11.000000
v 0.000000 0.008970 13.999999
v 20.095478 0.074900 14.012461
v 6.999836 0.139237 13.989038
v 1.942232 0.167219 13.964253
v 0.997328 0.008206 13.996466
v 2.977776 0.163293 13.987989
v 4.997884 0.160088 13.981180
v 3.993289 0.185544 13.978037
v 6.000000 0.121252 14.000000
v 10.934074 0.190540 13.983644
v 9.004801 0.128004 13.988123
v 9.999991 0.145581 13.998460
v 8.003119 0.144682 13.982885
v 12.812498 0.361605 14.061678
v 11.812660 0.215333 14.008416
v 13.519134 0.850156 14.212994
v 17.642876 0.945783 14.037655
v 16.711809 1.389685 13.905311
v 14.549711 1.525324 14.019305
v 18.418560 0.420260 13.965903
v 19.254269 0.268169 13.985537
v 20.009951 0.012281 13.001047
v 7.000146 0.077439 12.996300
v 1.978537 0.112758 12.981215
v 0.992912 0.040765 12.992331
v 2.987089 0.135321 12.978930
v 5.007381 0.126650 12.922342
v 3.997554 0.141988 12.962390
v 6.003431 0.067291 12.985533
v 10.947508 0.170802 12.991592
v 8.995454 0.099703 13.005216
v 9.988382 0.142265 13.015047
v 7.998351 0.087039 12.999899
v 12.470056 0.724058 13.098386
v 11.839948 0.189228 12.991455
v 13.366676 0.843737 13.162107
v 17.518278 0.817541 12.868875
v 16.722832 1.390501 12.743111
v 14.730820 1.588842 12.835279
v 18.358654 0.473555 12.916164
v 19.212246 0.258900 12.961435
v 0.000000 0.000000 12.999999
v -0.000053 0.097477 14.999927
v 20.125862 0.133206 14.977475
v 6.997475 0.274296 14.970261
v 1.890961 0.209737 14.948433
v 0.964151 0.134906 14.966372
v 2.908742 0.262665 14.967827
v 4.966560 0.284436 14.978576
v 3.940480 0.290143 14.975330
v 5.985417 0.273572 14.982838
v 10.908152 0.216734 14.919760
v 9.029072 0.161496 14.936245
v 10.032934 0.193660 14.918071
v 8.010014 0.243827 14.950207
v 12.776875 0.340943 15.081590
v 11.764168 0.299740 15.020847
v 13.746469 0.736883 15.261274
v 17.760180 0.965346 15.273933
v 16.469021 1.328788 15.160309
v 14.790705 1.326432 15.167269
v 18.524086 0.562087 15.143032
v 19.295998 0.332075 15.024254

uv 1.000000 0.992188
uv 0.750000 1.000000
uv 0.750000 0.992188
uv 0.750000 0.468750
uv 1.000000 0.500000
uv 0.750000 0.500000
uv 0.750000 0.125000
uv 1.000000 0.250000
uv 0.750000 0.250000
uv 0.750000 0.000000
uv 1.000000 0.125000
uv 0.750000 0.375000
uv 0.750000 0.406250
uv 1.000000 0.437500
uv 0.750000 0.437500
uv 1.000000 0.375000
uv 1.000000 0.468750
uv 1.000000 0.687500
uv 0.750000 0.750000
uv 0.750000 0.687500
uv 0.750000 0.562500
uv 1.000000 0.625000
uv 0.750000 0.625000
uv 1.000000 0.562500
uv 0.750000 0.812500
uv 1.000000 0.875000
uv 0.750000 0.875000
uv 1.000000 0.812500
uv 1.000000 0.937500
uv 0.750000 0.937500
uv 0.750000 0.953125
uv 1.000000 0.968750
uv 0.750000 0.968750
uv 0.750000 0.945312
uv 1.000000 0.953125
uv 1.000000 0.945312
uv 0.750000 0.984375
uv 1.000000 0.984375
uv 0.500000 0.984375
uv 0.468750 0.992188
uv 0.468750 0.984375
uv 0.500000 0.968750
uv 0.468750 0.968750
uv 0.468750 0.937500
uv 0.500000 0.945312
uv 0.468750 0.945312
uv 0.468750 0.953125
uv 0.500000 0.875000
uv 0.468750 0.875000
uv 0.500000 0.750000
uv 0.468750 0.812500
uv 0.468750 0.750000
uv 0.500000 0.812500
uv 0.500000 0.500000
uv 0.468750 0.562500
uv 0.468750 0.500000
uv 0.468750 0.625000
uv 0.500000 0.687500
uv 0.468750 0.687500
uv 0.500000 0.562500
uv 0.500000 0.437500
uv 0.468750 0.468750
uv 0.468750 0.437500
uv 0.468750 0.375000
uv 0.500000 0.406250
uv 0.468750 0.406250
uv 0.500000 0.250000
uv 0.468750 0.250000
uv 0.500000 0.000000
uv 0.468750 0.125000
uv 0.468750 0.000000
uv 0.500000 0.125000
uv 0.500000 0.468750
uv 0.500000 0.992188
uv 0.468750 1.000000
uv 0.187500 0.992188
uv 0.250000 1.000000
uv 0.187500 1.000000
uv 0.187500 0.468750
uv 0.250000 0.500000
uv 0.187500 0.500000
uv 0.250000 0.125000
uv 0.187500 0.250000
uv 0.187500 0.125000
uv 0.187500 0.000000
uv 0.250000 0.250000
uv 0.187500 0.375000
uv 0.187500 0.406250
uv 0.250000 0.437500
uv 0.187500 0.437500
uv 0.250000 0.375000
uv 0.250000 0.468750
uv 0.187500 0.687500
uv 0.250000 0.750000
uv 0.187500 0.750000
uv 0.187500 0.562500
uv 0.250000 0.625000
uv 0.187500 0.625000
uv 0.250000 0.687500
uv 0.250000 0.562500
uv 0.187500 0.812500
uv 0.250000 0.875000
uv 0.187500 0.875000
uv 0.250000 0.937500
uv 0.187500 0.937500
uv 0.250000 0.953125
uv 0.187500 0.968750
uv 0.187500 0.953125
uv 0.187500 0.945312
uv 0.250000 0.945312
uv 0.250000 0.968750
uv 0.187500 0.984375
uv 0.250000 0.992188
uv 0.687500 0.992188
uv 0.687500 0.984375
uv 0.687500 0.968750
uv 0.687500 0.937500
uv 0.687500 0.945312
uv 0.687500 0.953125
uv 0.687500 0.875000
uv 0.687500 0.750000
uv 0.687500 0.812500
uv 0.687500 0.500000
uv 0.687500 0.562500
uv 0.687500 0.625000
uv 0.687500 0.687500
uv 0.687500 0.437500
uv 0.687500 0.468750
uv 0.687500 0.406250
uv 0.687500 0.375000
uv 0.687500 0.250000
uv 0.687500 0.000000
uv 0.687500 0.125000
uv 0.687500 1.000000
uv 0.062500 0.984375
uv 0.125000 0.992188
uv 0.062500 0.992188
uv 0.125000 0.968750
uv 0.062500 0.968750
uv 0.062500 0.937500
uv 0.125000 0.945312
uv 0.062500 0.945312
uv 0.125000 0.953125
uv 0.062500 0.953125
uv 0.125000 0.875000
uv 0.062500 0.875000
uv 0.125000 0.750000
uv 0.062500 0.812500
uv 0.062500 0.750000
uv 0.125000 0.500000
uv 0.062500 0.562500
uv 0.062500 0.500000
uv 0.062500 0.625000
uv 0.125000 0.687500
uv 0.062500 0.687500
uv 0.125000 0.562500
uv 0.125000 0.437500
uv 0.062500 0.468750
uv 0.062500 0.437500
uv 0.125000 0.375000
uv 0.062500 0.406250
uv 0.062500 0.375000
uv 0.125000 0.406250
uv 0.125000 0.250000
uv 0.062500 0.250000
uv 0.125000 0.000000
uv 0.062500 0.125000
uv 0.062500 0.000000
uv 0.125000 0.125000
uv 0.125000 0.468750
uv 0.125000 1.000000
uv 0.062500 1.000000
uv 0.000000 0.992188
uv 0.000000 1.000000
uv 0.000000 0.500000
uv 0.000000 0.468750
uv 0.000000 0.250000
uv 0.000000 0.125000
uv 0.000000 0.000000
uv 0.000000 0.375000
uv 0.000000 0.437500
uv 0.000000 0.406250
uv 0.000000 0.687500
uv 0.000000 0.750000
uv 0.000000 0.625000
uv 0.000000 0.562500
uv 0.000000 0.812500
uv 0.000000 0.875000
uv 0.000000 0.937500
uv 0.000000 0.968750
uv 0.000000 0.953125
uv 0.000000 0.945312
uv 0.000000 0.984375
uv 0.156250 0.984375
uv 0.156250 0.992188
uv 0.156250 0.968750
uv 0.156250 0.937500
uv 0.156250 0.945312
uv 0.156250 0.953125
uv 0.156250 0.875000
uv 0.156250 0.812500
uv 0.156250 0.750000
uv 0.156250 0.562500
uv 0.156250 0.500000
uv 0.156250 0.625000
uv 0.156250 0.687500
uv 0.156250 0.468750
uv 0.156250 0.437500
uv 0.156250 0.406250
uv 0.156250 0.375000
uv 0.156250 0.250000
uv 0.156250 0.125000
uv 0.156250 0.000000
uv 0.156250 1.000000
uv 0.125000 0.625000
uv 0.125000 0.812500
uv 0.125000 0.937500
uv 0.125000 0.984375
uv 0.375000 0.992188
uv 0.312500 1.000000
uv 0.312500 0.992188
uv 0.312500 0.468750
uv 0.375000 0.500000
uv 0.312500 0.500000
uv 0.375000 0.125000
uv 0.312500 0.250000
uv 0.312500 0.125000
uv 0.312500 0.000000
uv 0.375000 0.375000
uv 0.312500 0.375000
uv 0.312500 0.406250
uv 0.375000 0.437500
uv 0.312500 0.437500
uv 0.375000 0.406250
uv 0.375000 0.468750
uv 0.375000 0.687500
uv 0.312500 0.750000
uv 0.312500 0.687500
uv 0.312500 0.562500
uv 0.375000 0.625000
uv 0.312500 0.625000
uv 0.375000 0.562500
uv 0.375000 0.812500
uv 0.312500 0.875000
uv 0.312500 0.812500
uv 0.375000 0.937500
uv 0.312500 0.937500
uv 0.312500 0.953125
uv 0.375000 0.968750
uv 0.312500 0.968750
uv 0.375000 0.945312
uv 0.312500 0.945312
uv 0.375000 0.984375
uv 0.312500 0.984375
uv 0.250000 0.984375
uv 0.250000 0.812500
uv 0.250000 0.406250
uv 0.250000 0.000000
uv 0.437500 0.992188
uv 0.375000 1.000000
uv 0.437500 0.500000
uv 0.437500 0.250000
uv 0.375000 0.250000
uv 0.375000 0.000000
uv 0.437500 0.125000
uv 0.437500 0.375000
uv 0.437500 0.406250
uv 0.437500 0.468750
uv 0.437500 0.687500
uv 0.375000 0.750000
uv 0.437500 0.625000
uv 0.437500 0.562500
uv 0.437500 0.875000
uv 0.375000 0.875000
uv 0.437500 0.812500
uv 0.375000 0.953125
uv 0.437500 0.968750
uv 0.437500 0.945312
uv 0.437500 0.937500
uv 0.437500 0.984375
uv 0.437500 1.000000
uv 0.437500 0.000000
uv 0.437500 0.437500
uv 0.437500 0.750000
uv 0.437500 0.953125
uv 0.609375 0.992188
uv 0.625000 1.000000
uv 0.609375 1.000000
uv 0.609375 0.468750
uv 0.625000 0.500000
uv 0.609375 0.500000
uv 0.625000 0.125000
uv 0.609375 0.250000
uv 0.609375 0.125000
uv 0.609375 0.000000
uv 0.625000 0.250000
uv 0.609375 0.375000
uv 0.609375 0.406250
uv 0.625000 0.437500
uv 0.609375 0.437500
uv 0.625000 0.375000
uv 0.625000 0.468750
uv 0.625000 0.687500
uv 0.609375 0.750000
uv 0.609375 0.687500
uv 0.609375 0.562500
uv 0.625000 0.625000
uv 0.609375 0.625000
uv 0.625000 0.562500
uv 0.625000 0.812500
uv 0.609375 0.875000
uv 0.609375 0.812500
uv 0.625000 0.750000
uv 0.625000 0.875000
uv 0.609375 0.937500
uv 0.625000 0.953125
uv 0.609375 0.968750
uv 0.609375 0.953125
uv 0.625000 0.945312
uv 0.609375 0.945312
uv 0.625000 0.968750
uv 0.609375 0.984375
uv 0.625000 0.992188
uv 0.562500 0.984375
uv 0.531250 0.992188
uv 0.531250 0.984375
uv 0.562500 0.968750
uv 0.531250 0.968750
uv 0.531250 0.937500
uv 0.562500 0.945312
uv 0.531250 0.945312
uv 0.562500 0.953125
uv 0.531250 0.953125
uv 0.531250 0.875000
uv 0.562500 0.937500
uv 0.531250 0.750000
uv 0.562500 0.812500
uv 0.531250 0.812500
uv 0.531250 0.500000
uv 0.562500 0.562500
uv 0.531250 0.562500
uv 0.562500 0.625000
uv 0.531250 0.687500
uv 0.531250 0.625000
uv 0.562500 0.687500
uv 0.562500 0.437500
uv 0.531250 0.468750
uv 0.531250 0.437500
uv 0.531250 0.375000
uv 0.562500 0.406250
uv 0.531250 0.406250
uv 0.531250 0.250000
uv 0.562500 0.375000
uv 0.531250 0.000000
uv 0.562500 0.125000
uv 0.531250 0.125000
uv 0.562500 0.250000
uv 0.562500 0.500000
uv 0.562500 0.992188
uv 0.531250 1.000000
uv 0.656250 1.000000
uv 0.656250 0.992188
uv 0.656250 0.500000
uv 0.656250 0.468750
uv 0.656250 0.125000
uv 0.656250 0.250000
uv 0.656250 0.000000
uv 0.656250 0.375000
uv 0.656250 0.437500
uv 0.656250 0.406250
uv 0.656250 0.750000
uv 0.656250 0.687500
uv 0.656250 0.562500
uv 0.656250 0.625000
uv 0.656250 0.875000
uv 0.656250 0.812500
uv 0.656250 0.937500
uv 0.656250 0.968750
uv 0.656250 0.953125
uv 0.656250 0.945312
uv 0.656250 0.984375
uv 0.625000 0.984375
uv 0.625000 0.937500
uv 0.625000 0.406250
uv 0.625000 0.000000
uv 0.500000 1.000000
uv 0.500000 0.375000
uv 0.500000 0.625000
uv 0.500000 0.937500
uv 0.500000 0.953125
uv 0.593750 0.984375
uv 0.578125 0.992188
uv 0.578125 0.984375
uv 0.578125 0.968750
uv 0.578125 0.937500
uv 0.593750 0.945312
uv 0.578125 0.945312
uv 0.578125 0.953125
uv 0.593750 0.968750
uv 0.578125 0.875000
uv 0.593750 0.937500
uv 0.593750 0.750000
uv 0.578125 0.812500
uv 0.578125 0.750000
uv 0.593750 0.875000
uv 0.593750 0.500000
uv 0.578125 0.562500
uv 0.578125 0.500000
uv 0.593750 0.625000
uv 0.578125 0.687500
uv 0.578125 0.625000
uv 0.593750 0.562500
uv 0.593750 0.687500
uv 0.578125 0.437500
uv 0.593750 0.468750
uv 0.578125 0.468750
uv 0.593750 0.375000
uv 0.578125 0.406250
uv 0.578125 0.375000
uv 0.593750 0.437500
uv 0.593750 0.250000
uv 0.578125 0.250000
uv 0.578125 0.000000
uv 0.593750 0.125000
uv 0.578125 0.125000
uv 0.593750 1.000000
uv 0.578125 1.000000
uv 0.562500 1.000000
uv 0.562500 0.468750
uv 0.562500 0.000000
uv 0.562500 0.750000
uv 0.562500 0.875000
uv 0.593750 0.992188
uv 0.593750 0.953125
uv 0.593750 0.812500
uv 0.593750 0.406250
uv 0.593750 0.000000
uv 1.000000 1.000000
uv 1.000000 0.000000
uv 1.000000 0.406250
uv 1.000000 0.750000

n 0.2512 0.8394 0.4820
n -0.0113 0.9936 0.1122
n -0.0329 0.9913 0.1278
n -0.1064 0.9887 0.1059
n 0.0122 0.9918 0.1269
n -0.0456 0.9964 0.0714
n 0.0976 0.9879 0.1201
n -0.0297 0.9944 0.1010
n -0.0310 0.9947 0.0983
n -0.0844 0.9872 0.1354
n -0.0301 0.9947 0.0982
n -0.0550 0.9848 0.1645
n -0.1417 0.7267 0.6722
n -0.1895 0.7936 0.5782
n -0.0733 0.7439 0.6642
n 0.0646 0.9642 0.2570
n 0.0705 0.8196 0.5685
n -0.2389 0.5204 0.8198
n 0.0647 0.9642 0.2570
n 0.2484 0.7590 0.6018
n 0.4303 0.8884 0.1598
n 0.0883 0.9959 0.0168
n 0.0107 0.9967 -0.0808
n -0.0943 0.9926 -0.0768
n 0.2841 0.9588 -0.0074
n -0.5936 0.7964 -0.1160
n 0.0496 0.9881 0.1456
n -0.2555 0.9639 0.0749
n 0.0016 0.9999 0.0110
n -0.1420 0.9887 0.0473
n 0.0253 0.9994 0.0230
n -0.1851 0.9712 0.1501
n -0.0379 0.9962 -0.0790
n 0.0110 0.9997 -0.0222
n 0.0721 0.9943 -0.0789
n -0.0099 0.9999 -0.0098
n -0.0478 0.9989 0.0000
n -0.0258 0.9996 -0.0099
n -0.0152 0.9998 -0.0153
n 0.3867 0.9207 0.0521
n 0.0763 0.9966 0.0320
n -0.1336 0.9903 0.0383
n 0.0162 0.9998 0.0110
n -0.0831 0.9965 0.0110
n 0.0020 1.0000 -0.0027
n -0.0515 0.9982 0.0315
n -0.0209 0.9998 0.0027
n -0.0843 0.9961 0.0264
n -0.1028 0.9947 0.0080
n 0.0124 0.9998 -0.0138
n -0.0631 0.9974 0.0361
n -0.0029 0.9997 -0.0226
n -0.0071 1.0000 -0.0042
n -0.0730 0.9973 0.0055
n 0.0501 0.9984 -0.0255
n -0.0807 0.9913 -0.1042
n 0.0446 0.9934 -0.1054
n 0.0498 0.9967 -0.0640
n 0.0419 0.9964 -0.0738
n 0.1124 0.9917 -0.0620
n 0.2086 0.9723 0.1053
n 0.4176 0.7823 0.4623
n -0.2038 0.9224 0.3282
n -0.0242 0.9547 0.2966
n 0.1352 0.8879 0.4397
n -0.1349 0.9731 0.1870
n -0.0584 0.9834 0.1716
n -0.1075 0.9913 0.0755
n -0.0100 0.9861 0.1660
n -0.2012 0.9292 0.3099
n -0.0804 0.9840 0.1590
n -0.0086 0.9627 0.2703
n 0.0025 0.9796 0.2010
n -0.0108 0.9792 0.2028
n 0.0366 0.9727 0.2294
n -0.1580 0.9638 0.2147
n -0.1005 0.9944 0.0337
n -0.0348 0.9987 0.0369
n -0.0221 0.9770 0.2123
n 0.2277 0.9723 0.0525
n 0.0579 0.9963 -0.0633
n -0.0348 0.9855 -0.1659
n 0.0085 0.9904 -0.1377
n -0.0053 0.9957 -0.0926
n -0.0271 0.9954 -0.0922
n -0.0752 0.9465 -0.3139
n -0.0077 0.9795 -0.2013
n 0.0436 0.9493 -0.3114
n -0.0103 0.9982 -0.0583
n 0.0228 0.9977 -0.0634
n -0.0632 0.9933 -0.0964
n 0.0683 0.9790 -0.1918
n -0.0926 0.9899 -0.1075
n 0.0000 0.9996 -0.0297
n -0.0264 0.9975 -0.0648
n 0.0000 1.0000 -0.0022
n 0.0000 1.0000 0.0000
n -0.0222 0.9980 -0.0586
n 0.0885 0.9951 -0.0434
n 0.0697 0.9946 -0.0768
n 0.0000 0.9930 -0.1180
n 0.0000 0.9997 -0.0264
n 0.0000 0.9926 -0.1218
n 0.0000 0.9882 -0.1533
n -0.0000 0.9815 -0.1914
n 0.0000 0.9899 -0.1416
n -0.0003 0.9963 -0.0859
n -0.0001 0.9918 -0.1279
n -0.0055 0.9963 -0.0860
n 0.0223 0.9942 -0.1049
n -0.0255 0.9918 -0.1256
n -0.0234 0.9873 -0.1573
n 0.0143 0.9873 -0.1583
n -0.0589 0.9770 -0.2050
n 0.1034 0.9901 -0.0944
n 0.0417 0.9941 -0.1005
n 0.1108 0.9905 -0.0813
n 0.0440 0.9960 -0.0780
n -0.0569 0.9963 -0.0648
n 0.0281 0.9994 -0.0224
n -0.0554 0.9981 -0.0280
n -0.0102 0.9989 -0.0462
n -0.0436 0.9953 -0.0864
n -0.0726 0.9973 -0.0041
n -0.0301 0.9995 -0.0081
n -0.0810 0.9963 -0.0291
n -0.0581 0.9983 0.0011
n -0.0270 0.9996 -0.0085
n -0.0546 0.9985 -0.0026
n -0.0118 0.9997 -0.0223
n -0.0464 0.9989 0.0000
n 0.0016 0.9997 -0.0223
n -0.0513 0.9984 -0.0218
n 0.1655 0.9695 -0.1807
n 0.1113 0.9930 -0.0386
n -0.0216 0.9996 -0.0176
n -0.0022 0.9989 -0.0464
n -0.0275 0.9987 -0.0426
n -0.0698 0.9974 -0.0191
n -0.0353 0.9990 -0.0270
n -0.0423 0.9991 -0.0035
n -0.0715 0.9879 -0.1374
n -0.0198 0.9990 -0.0406
n 0.0145 0.9987 -0.0494
n -0.0492 0.9978 -0.0449
n -0.0075 0.9878 -0.1555
n -0.0579 0.9856 -0.1586
n 0.0463 0.9844 -0.1700
n -0.0934 0.9910 -0.0958
n 0.0406 0.9941 -0.1006
n 0.0436 0.9936 -0.1042
n 0.0347 0.9984 -0.0452
n 0.0946 0.9948 -0.0378
n 0.2642 0.9642 0.0208
n -0.0640 0.9958 0.0656
n -0.0059 0.9999 0.0097
n -0.0662 0.9978 0.0097
n 0.0103 0.9994 -0.0316
n -0.0520 0.9984 0.0232
n 0.0456 0.9988 0.0164
n -0.0702 0.9965 0.0451
n -0.0679 0.9880 -0.1387
n 0.0090 0.9997 0.0232
n -0.1653 0.9859 0.0246
n -0.0284 0.9975 0.0653
n 0.0559 0.9949 0.0843
n -0.1648 0.9827 0.0840
n -0.0427 0.9949 -0.0913
n 0.0375 0.9840 -0.1742
n -0.0341 0.9876 -0.1531
n -0.0736 0.9930 -0.0929
n -0.0548 0.9964 -0.0646
n 0.3123 0.9497 0.0239
n 0.2259 0.9741 -0.0135
n -0.0463 0.9963 -0.0719
n 0.0113 0.9992 -0.0381
n 0.0039 0.9922 -0.1246
n -0.0507 0.9844 -0.1684
n 0.0297 0.9988 -0.0377
n -0.1308 0.9913 0.0142
n 0.0429 0.9990 0.0160
n -0.0732 0.9834 0.1662
n -0.0025 0.9999 -0.0143
n 0.0334 0.9873 0.1551
n -0.1289 0.9907 0.0429
n -0.0912 0.9941 0.0592
n 0.0061 1.0000 0.0004
n -0.0499 0.9980 0.0384
n 0.0075 1.0000 -0.0024
n -0.0722 0.9974 0.0060
n 0.0025 1.0000 0.0060
n -0.1276 0.9842 0.1224
n 0.1716 0.9851 -0.0142
n 0.3614 0.9322 0.0189
n -0.0433 0.9979 0.0472
n -0.0303 0.9995 0.0114
n -0.0566 0.9984 0.0093
n -0.0068 0.9999 0.0129
n -0.0436 0.9975 -0.0554
n 0.0930 0.9941 -0.0553
n -0.0482 0.9983 0.0317
n 0.0035 0.9994 0.0355
n -0.0323 0.9970 0.0704
n -0.3517 0.9341 0.0608
n -0.0281 0.9980 0.0574
n 0.0544 0.9974 -0.0468
n -0.0248 0.9995 0.0196
n -0.2215 0.9738 -0.0510
n 0.0848 0.9887 -0.1239
n -0.1022 0.9909 -0.0870
n -0.1365 0.9659 -0.2200
n 0.0388 0.9990 -0.0232
n 0.3560 0.9343 0.0189
n 0.4485 0.8922 -0.0526
n -0.0277 0.9990 0.0349
n -0.0282 0.9996 0.0020
n -0.0473 0.9989 0.0000
n -0.0053 1.0000 -0.0026
n 0.0243 0.9996 -0.0169
n 0.0253 0.9995 -0.0169
n -0.0295 0.9993 0.0226
n 0.0057 0.9911 0.1333
n -0.0194 0.9983 0.0545
n -0.3926 0.8360 0.3834
n -0.0178 0.9984 0.0544
n -0.0093 0.9987 -0.0504
n -0.0488 0.9889 0.1401
n -0.3656 0.9263 -0.0914
n 0.0606 0.9666 -0.2489
n -0.0923 0.9810 -0.1705
n -0.0187 0.9864 -0.1635
n 0.1127 0.9919 0.0592
n 0.4303 0.9023 -0.0266
n 0.2114 0.9427 -0.2581
n -0.0024 0.9903 -0.1392
n -0.0818 0.9929 -0.0869
n -0.0416 0.9955 -0.0849
n -0.0505 0.9963 -0.0699
n 0.0059 0.9910 -0.1335
n -0.0258 0.9945 -0.1012
n 0.0112 0.9880 -0.1540
n -0.0263 0.9990 -0.0368
n 0.0768 0.9807 -0.1797
n -0.0327 0.9988 -0.0367
n 0.0277 0.9932 -0.1129
n -0.0333 0.9925 -0.1180
n -0.0947 0.9954 -0.0157
n -0.3535 0.9260 -0.1327
n 0.2525 0.9517 0.1745
n -0.0010 0.9952 0.0983
n -0.4885 0.8716 0.0403
n 0.4748 0.8775 0.0677
n 0.2651 0.9557 -0.1281
n 0.2600 0.9647 0.0413
n 0.4502 0.8928 -0.0127
n -0.2507 0.9656 -0.0686
n 0.0216 0.9996 0.0183
n 0.5358 0.8397 0.0879
n -0.4754 0.8369 0.2713
n 0.0130 0.9999 -0.0089
n -0.5938 0.8001 -0.0847
n 0.0160 0.9996 -0.0228
n -0.0373 0.9980 -0.0505
n 0.0163 0.9986 -0.0503
n -0.0737 0.9952 -0.0640
n 0.0079 0.9999 -0.0080
n 0.0088 0.9999 -0.0130
n 0.0068 0.9999 -0.0080
n -0.0152 0.9999 -0.0038
n -0.0645 0.9979 0.0075
n -0.0367 0.9993 0.0014
n 0.0445 0.9990 -0.0089
n 0.3499 0.9366 0.0159
n 0.0873 0.9942 0.0623
n 0.0349 0.9920 0.1209
n -0.0882 0.9928 0.0813
n -0.1681 0.9853 -0.0317
n -0.1357 0.9891 0.0573
n 0.0173 0.9930 0.1172
n -0.0767 0.9899 0.1195
n 0.0194 0.9903 0.1373
n -0.1118 0.9830 -0.1459
n -0.0099 0.9999 -0.0114
n -0.0180 0.9998 -0.0115
n 0.0260 0.9973 0.0687
n -0.1192 0.9884 -0.0936
n -0.0786 0.9915 -0.1036
n -0.3879 0.9008 0.1953
n 0.1208 0.9899 0.0736
n 0.0435 0.9940 0.1002
n -0.1262 0.9862 0.1069
n 0.3558 0.9262 0.1250
n 0.1590 0.9861 0.0481
n 0.1600 0.9870 -0.0154
n 0.2980 0.9545 0.0126
n -0.3517 0.8406 -0.4119
n 0.0531 0.9967 0.0609
n 0.1714 0.9825 0.0724
n -0.0956 0.9721 -0.2143
n -0.1640 0.9602 -0.2261
n -0.0280 0.9901 -0.1373
n 0.0565 0.9980 0.0268
n 0.1030 0.9862 -0.1296
n 0.0192 0.9994 -0.0290
n -0.0060 0.9903 -0.1388
n -0.0103 0.9999 0.0018
n -0.0604 0.9979 -0.0242
n 0.0072 0.9995 -0.0301
n -0.0857 0.9960 0.0259
n -0.2002 0.9785 0.0485
n -0.0649 0.9976 0.0258
n 0.0120 0.9999 0.0018
n 0.0650 0.9979 -0.0051
n 0.3694 0.9278 0.0520
n 0.0112 0.9999 -0.0060
n -0.0257 0.9996 -0.0068
n -0.0577 0.9983 0.0000
n -0.0135 0.9997 -0.0180
n 0.0154 0.9997 -0.0215
n 0.0022 0.9999 -0.0130
n 0.0258 0.9989 -0.0393
n -0.0809 0.9939 0.0754
n 0.0260 0.9996 -0.0135
n -0.1185 0.9906 0.0678
n 0.0138 0.9999 -0.0038
n -0.4448 0.8942 -0.0497
n -0.0237 0.9970 0.0740
n -0.5603 0.8263 -0.0579
n 0.6963 0.6957 -0.1767
n -0.2001 0.8715 -0.4478
n 0.0190 0.9989 -0.0421
n 0.2154 0.9736 -0.0752
n 0.3189 0.9412 0.1113
n 0.2420 0.9696 0.0354
n 0.3775 0.9257 0.0255
n -0.4842 0.8745 -0.0271
n 0.1020 0.9924 0.0688
n 0.5934 0.7908 -0.1500
n -0.1332 0.9910 0.0133
n -0.0206 0.9996 -0.0202
n -0.6187 0.6371 0.4597
n -0.0094 0.9980 -0.0621
n -0.0425 0.9987 -0.0284
n -0.0124 0.9982 -0.0585
n -0.0298 0.9996 -0.0030
n 0.0627 0.9966 -0.0528
n -0.0070 0.9996 -0.0278
n 0.0139 0.9994 -0.0314
n -0.0225 0.9982 -0.0561
n -0.0407 0.9986 0.0326
n -0.0724 0.9968 0.0326
n -0.0096 0.9985 -0.0531
n 0.2981 0.9508 -0.0841
n 0.3227 0.9463 0.0183
n 0.0457 0.9983 0.0361
n -0.0430 0.9990 -0.0137
n -0.0569 0.9983 0.0160
n -0.0205 0.9997 -0.0134
n 0.0117 0.9998 -0.0190
n -0.0004 0.9998 -0.0219
n 0.0059 0.9998 -0.0190
n -0.0139 0.9996 -0.0243
n -0.0114 0.9994 -0.0318
n -0.0511 0.9982 -0.0327
n 0.0021 0.9998 -0.0201
n -0.6618 0.7468 -0.0662
n 0.0060 0.9992 -0.0402
n -0.0887 0.9960 -0.0074
n 0.4713 0.8820 -0.0012
n 0.0879 0.9961 -0.0008
n -0.5870 0.7974 -0.1401
n 0.4843 0.8668 0.1188
n 0.2358 0.9717 0.0127
n 0.1802 0.9813 -0.0676
n 0.5453 0.8251 -0.1483
n -0.4977 0.8310 0.2485
n 0.0700 0.9853 0.1560
n 0.4127 0.9024 0.1236
n -0.5861 0.7821 0.2116
n -0.0274 0.9992 -0.0287
n -0.1395 0.9862 -0.0889
n -0.0060 0.9948 -0.1019
n -0.0173 0.9992 -0.0349
n 0.0168 0.9992 -0.0357
n -0.0488 0.9975 -0.0504
n 0.0411 0.9875 -0.1524
n -0.0228 0.9945 -0.1025
n 0.0255 0.9921 -0.1229
n 0.0048 0.9991 -0.0429
n 0.0004 0.9961 -0.0882
n -0.1689 0.9766 -0.1333
n -0.0195 0.9880 -0.1534
n 0.2254 0.9720 -0.0658
n -0.0027 0.9766 0.2151
n 0.0000 0.9949 0.1010
n -0.0103 0.9944 0.1048
n -0.0011 1.0000 0.0006
n 0.0083 0.9924 0.1229
n 0.0000 0.9997 0.0256
n 0.0030 0.9997 0.0255
n 0.0000 0.9974 0.0715
n 0.0506 0.9825 0.1794
n -0.1151 0.9798 0.1635
n -0.0688 0.9884 0.1354
n -0.0018 0.9937 0.1122
n -0.0452 0.8275 0.5596
n 0.1265 0.9765 0.1742
n -0.0723 0.7449 0.6632
n -0.1328 0.8293 0.5429
n -0.1074 0.5512 0.8275
n -0.0624 0.7465 0.6625
n 0.3406 0.7110 0.6152
n 0.1416 0.8695 0.4731
n 0.3261 0.9439 0.0517
n 0.1964 0.9700 0.1434
n 0.0135 0.9962 -0.0856
n -0.1678 0.9698 -0.1768
n 0.7523 0.4041 -0.5203
n -0.5734 0.8132 -0.0996
n -0.0237 0.9972 0.0716
n -0.4402 0.8907 -0.1134
n 0.0138 0.9996 0.0231
n -0.1187 0.9926 0.0237
n 0.0262 0.9994 0.0238
n -0.0804 0.9956 0.0472
n 0.0257 0.9995 -0.0156
n 0.0022 0.9999 -0.0134
n 0.0154 0.9996 -0.0222
n -0.0135 0.9998 -0.0134
n -0.0577 0.9983 -0.0099
n -0.0257 0.9996 -0.0098
n 0.0111 0.9999 0.0109
n 0.3710 0.9279 0.0367
n 0.1750 0.9825 -0.0633
n -0.1204 0.9924 0.0265
n 0.0025 1.0000 -0.0027
n -0.0722 0.9974 0.0000
n 0.0075 1.0000 0.0027
n -0.0497 0.9983 0.0297
n 0.0059 0.9996 0.0293
n -0.0900 0.9954 0.0317
n -0.1293 0.9909 0.0362
n 0.0204 0.9996 -0.0212
n -0.0025 0.9999 -0.0144
n -0.0669 0.9971 0.0373
n 0.0417 0.9975 -0.0567
n -0.1264 0.9906 -0.0517
n 0.0301 0.9995 -0.0050
n -0.0457 0.9965 -0.0703
n 0.0049 0.9980 -0.0638
n 0.0113 0.9996 -0.0254
n -0.0524 0.9849 -0.1653
n 0.2376 0.9524 -0.1911
n 0.1324 0.9897 0.0536
n 0.0512 0.9945 0.0912
n -0.0312 0.9850 0.1700
n 0.0718 0.8976 0.4349
n 0.0709 0.9402 0.3332
n -0.0057 0.9979 0.0648
n -0.2025 0.9351 0.2907
n -0.2278 0.9566 0.1820
n -0.0578 0.9755 0.2121
n -0.0338 0.9867 0.1592
n -0.0873 0.9824 0.1653
n -0.0421 0.9526 0.3013
n -0.0290 0.9721 0.2329
n 0.1015 0.9497 0.2964
n -0.0420 0.9497 0.3102
n 0.0135 0.9994 0.0326
n -0.1058 0.9936 0.0389
n -0.0313 0.9990 0.0334
n -0.0111 0.9795 0.2013
n 0.1795 0.9836 0.0164
n 0.0968 0.9903 -0.0997
n 0.0340 0.9945 -0.0989
n 0.0451 0.9832 -0.1767
n 0.0432 0.9893 -0.1391
n -0.0966 0.9827 -0.1581
n 0.0466 0.9832 -0.1767
n -0.0650 0.9624 -0.2636
n -0.0074 0.9662 -0.2576
n -0.0487 0.9942 -0.0964
n 0.0144 0.9984 -0.0552
n -0.0197 0.9983 -0.0544
n -0.0674 0.9956 -0.0652
n -0.0426 0.9974 -0.0588
n -0.0352 0.9973 -0.0648
n -0.0694 0.9918 -0.1076
n -0.0275 0.9992 -0.0297
n -0.0022 1.0000 -0.0022
n -0.0224 0.9980 -0.0588
n 0.1124 0.9914 -0.0673
n 0.0902 0.9912 -0.0973
n -0.0245 0.9895 -0.1426
n -0.0264 0.9993 -0.0264
n -0.0926 0.9886 -0.1187
n 0.0683 0.9797 -0.1887
n -0.0613 0.9736 -0.2197
n 0.0243 0.9764 -0.2148
n -0.0117 0.9880 -0.1540
n 0.0405 0.9912 -0.1263
n -0.0062 0.9925 -0.1219
n -0.0761 0.9847 -0.1570
n -0.0269 0.9872 -0.1570
n -0.0055 0.9944 -0.1053
n 0.0089 0.9921 -0.1253
n -0.0357 0.9772 -0.2092
n 0.0599 0.9936 -0.0957
n 0.1138 0.9879 -0.1054
n 0.0415 0.9941 -0.1003
n 0.0497 0.9985 -0.0225
n 0.0451 0.9958 -0.0792
n -0.0803 0.9931 -0.0860
n 0.0498 0.9978 -0.0441
n -0.0701 0.9966 -0.0440
n -0.0058 0.9991 -0.0418
n -0.0037 0.9989 -0.0470
n -0.0668 0.9977 -0.0090
n 0.0105 0.9989 -0.0466
n -0.1041 0.9945 -0.0070
n -0.0822 0.9964 -0.0226
n -0.0208 0.9998 -0.0023
n -0.0508 0.9987 0.0012
n 0.0021 1.0000 -0.0085
n -0.0831 0.9959 -0.0368
n 0.0163 0.9992 -0.0369
n -0.1234 0.9882 -0.0906
n 0.0834 0.9922 -0.0930
n 0.1602 0.9871 0.0074
n -0.0513 0.9977 -0.0449
n 0.0017 0.9991 -0.0426
n -0.0464 0.9978 -0.0464
n -0.0118 0.9996 -0.0269
n -0.0546 0.9985 -0.0038
n -0.0270 0.9995 -0.0186
n -0.0578 0.9982 -0.0187
n -0.0986 0.9817 -0.1632
n -0.0301 0.9983 -0.0505
n -0.0807 0.9871 -0.1383
n -0.0445 0.9982 -0.0403
n -0.0052 0.9882 -0.1529
n -0.0556 0.9862 -0.1561
n 0.0291 0.9878 -0.1529
n -0.0568 0.9968 -0.0570
n 0.0444 0.9936 -0.1042
n 0.1125 0.9789 -0.1704
n 0.0424 0.9977 -0.0530
n 0.1024 0.9937 -0.0453
n 0.3554 0.9260 0.1278
n -0.0433 0.9981 0.0447
n -0.0302 0.9994 -0.0147
n -0.0566 0.9984 0.0000
n -0.0067 0.9999 -0.0147
n -0.0451 0.9988 0.0164
n 0.0933 0.9951 -0.0318
n -0.0480 0.9986 0.0231
n 0.0062 0.9985 -0.0543
n -0.0325 0.9973 0.0652
n -0.3314 0.9344 -0.1305
n -0.0281 0.9975 0.0650
n 0.0656 0.9933 0.0949
n -0.0234 0.9981 -0.0564
n -0.2071 0.9738 0.0934
n 0.0908 0.9678 -0.2347
n -0.1124 0.9632 -0.2443
n -0.1323 0.9788 -0.1565
n 0.0482 0.9836 -0.1738
n 0.3567 0.9341 -0.0148
n 0.3176 0.9432 -0.0980
n -0.0556 0.9951 -0.0812
n -0.0747 0.9889 -0.1285
n -0.0348 0.9852 -0.1680
n 0.0349 0.9967 -0.0728
n -0.0339 0.9991 0.0269
n -0.1631 0.9856 0.0450
n 0.0533 0.9982 0.0265
n -0.0291 0.9928 0.1164
n -0.1577 0.9788 0.1308
n 0.0086 0.9912 0.1321
n -0.0742 0.9971 -0.0159
n -0.0700 0.9968 0.0387
n 0.0457 0.9982 0.0399
n -0.0525 0.9978 0.0409
n 0.0103 0.9999 0.0004
n -0.0662 0.9978 0.0000
n -0.0058 1.0000 -0.0024
n -0.0637 0.9962 0.0586
n 0.2598 0.9619 0.0854
n 0.4398 0.8919 0.1051
n -0.0277 0.9991 0.0315
n -0.0282 0.9996 0.0093
n -0.0053 0.9999 0.0114
n 0.0241 0.9996 0.0126
n 0.0254 0.9996 0.0130
n -0.0294 0.9995 0.0130
n 0.0058 0.9993 0.0377
n -0.0194 0.9982 0.0573
n -0.3724 0.9246 0.0798
n -0.0178 0.9987 0.0468
n 0.0106 0.9997 0.0221
n -0.0449 0.9982 0.0391
n -0.3678 0.9034 -0.2206
n 0.0474 0.9956 -0.0803
n -0.0853 0.9940 -0.0685
n -0.0195 0.9961 -0.0858
n 0.1307 0.9834 -0.1258
n 0.4306 0.9005 -0.0612
n 0.3917 0.9201 -0.0012
n -0.0154 0.9996 0.0224
n -0.0258 0.9997 -0.0005
n -0.0478 0.9989 -0.0005
n -0.0099 0.9999 0.0020
n 0.0722 0.9969 0.0312
n 0.0110 0.9999 -0.0026
n -0.0388 0.9987 0.0318
n -0.1941 0.9103 0.3657
n 0.0259 0.9950 0.0968
n -0.1423 0.9838 0.1095
n 0.0017 0.9994 0.0344
n -0.2282 0.9389 0.2578
n 0.0503 0.9707 0.2349
n -0.6157 0.6931 -0.3748
n 0.2651 0.9631 0.0455
n -0.1130 0.9738 -0.1974
n 0.0071 0.9816 -0.1906
n 0.0881 0.9957 0.0295
n 0.4543 0.8908 -0.0032
n 0.0533 0.9913 -0.1207
n 0.0125 0.9880 -0.1540
n -0.0652 0.9954 -0.0705
n -0.1988 0.9776 0.0691
n -0.0816 0.9912 -0.1039
n 0.0068 0.9909 -0.1344
n -0.0592 0.9887 -0.1374
n -0.0092 0.9909 -0.1340
n -0.0044 0.9998 -0.0171
n 0.0139 0.9935 -0.1129
n 0.1007 0.9786 -0.1797
n 0.0535 0.9888 -0.1390
n -0.0313 0.9928 -0.1160
n -0.1921 0.9746 -0.1149
n -0.1774 0.9807 0.0825
n 0.1701 0.9815 0.0879
n 0.0559 0.9849 0.1640
n 0.2749 0.9609 -0.0337
n 0.1551 0.9873 -0.0330
n 0.2354 0.9717 0.0179
n 0.5005 0.8652 0.0300
n -0.4561 0.8475 0.2717
n 0.0796 0.9927 -0.0909
n 0.4738 0.8805 -0.0139
n -0.0884 0.9938 -0.0673
n 0.0061 1.0000 -0.0029
n -0.6432 0.7479 -0.1638
n 0.0021 1.0000 -0.0088
n -0.0507 0.9967 -0.0638
n -0.0115 0.9997 -0.0228
n -0.0134 0.9999 -0.0040
n 0.0057 0.9999 -0.0102
n -0.0002 1.0000 -0.0038
n 0.0117 0.9998 -0.0130
n -0.0204 0.9998 0.0014
n -0.0570 0.9984 0.0000
n -0.0429 0.9991 0.0076
n 0.0459 0.9989 -0.0103
n 0.3243 0.9459 -0.0084
n 0.2468 0.9445 0.2168
n -0.0168 0.9975 0.0688
n -0.0347 0.9989 0.0311
n -0.1611 0.9834 0.0830
n 0.0372 0.9899 0.1368
n -0.0148 0.9983 0.0558
n 0.0034 0.9926 0.1213
n -0.0552 0.9932 -0.1023
n -0.0696 0.9968 0.0391
n -0.1889 0.9706 -0.1494
n -0.0040 0.9992 0.0393
n -0.0890 0.9940 -0.0639
n -0.0676 0.9933 -0.0934
n -0.1063 0.9923 -0.0629
n 0.1414 0.9847 0.1017
n 0.0345 0.9961 0.0809
n -0.1832 0.9681 0.1707
n 0.2446 0.9681 0.0546
n 0.1973 0.9775 0.0744
n 0.1427 0.9898 0.0010
n 0.3031 0.9529 0.0074
n -0.1146 0.9920 0.0524
n 0.0481 0.9975 0.0523
n 0.1218 0.9925 -0.0070
n -0.2369 0.8848 -0.4012
n -0.0738 0.9875 -0.1394
n -0.1032 0.9711 -0.2150
n 0.0270 0.9996 -0.0019
n -0.0185 0.9994 -0.0304
n -0.0099 0.9999 -0.0023
n -0.1107 0.9683 -0.2239
n 0.0215 0.9993 -0.0299
n -0.0803 0.9958 -0.0444
n 0.0196 0.9989 -0.0427
n -0.1369 0.9903 -0.0239
n -0.1690 0.9854 0.0188
n -0.0887 0.9950 0.0469
n 0.0367 0.9990 0.0268
n 0.0852 0.9961 -0.0215
n 0.3487 0.9367 0.0316
n 0.0445 0.9982 -0.0393
n -0.0368 0.9992 -0.0180
n -0.0645 0.9979 -0.0069
n -0.0153 0.9997 -0.0197
n 0.0069 0.9999 -0.0130
n 0.0088 0.9998 -0.0197
n 0.0080 0.9997 -0.0215
n -0.0736 0.9950 0.0681
n 0.0164 0.9999 -0.0038
n -0.0373 0.9992 -0.0136
n 0.0160 0.9999 -0.0060
n -0.6081 0.7852 0.1167
n 0.0125 0.9939 0.1093
n -0.6208 0.7764 -0.1089
n 0.6592 0.7387 -0.1406
n 0.0081 0.9974 -0.0716
n -0.3394 0.8136 -0.4721
n 0.4176 0.9009 0.1182
n 0.2593 0.9645 0.0502
n 0.1794 0.9836 -0.0163
n 0.5452 0.8250 -0.1486
n -0.5369 0.8405 0.0728
n 0.0627 0.9980 0.0013
n 0.4298 0.9029 0.0047
n -0.5696 0.6818 0.4590
n -0.0275 0.9993 -0.0264
n -0.1432 0.9893 -0.0292
n -0.0058 0.9983 -0.0585
n -0.0176 0.9998 -0.0032
n 0.0168 0.9994 -0.0289
n -0.0484 0.9986 -0.0205
n 0.0393 0.9987 -0.0312
n -0.0223 0.9988 -0.0429
n 0.0254 0.9988 -0.0427
n 0.0044 0.9996 -0.0277
n 0.0007 1.0000 -0.0090
n -0.1677 0.9840 -0.0607
n -0.0186 0.9979 -0.0621
n 0.2244 0.9743 -0.0180
n 0.2956 0.9553 -0.0063
n -0.0100 0.9997 -0.0201
n -0.0727 0.9972 0.0159
n -0.0410 0.9992 0.0000
n -0.0224 0.9996 -0.0153
n 0.0143 0.9997 -0.0218
n -0.0068 0.9999 -0.0152
n 0.0572 0.9977 0.0361
n -0.0307 0.9987 -0.0401
n -0.0125 0.9994 -0.0328
n -0.0426 0.9988 -0.0241
n -0.0095 0.9995 -0.0318
n -0.6427 0.7651 -0.0397
n -0.0206 0.9977 -0.0647
n -0.1284 0.9903 -0.0532
n 0.5653 0.8140 0.1334
n 0.0981 0.9950 -0.0205
n -0.4803 0.8771 -0.0049
n 0.3783 0.9256 0.0105
n 0.2429 0.9699 0.0193
n 0.2632 0.9547 -0.1386
n 0.4583 0.8869 -0.0575
n -0.4689 0.8615 0.1948
n -0.0012 0.9988 0.0482
n 0.2741 0.9608 -0.0412
n -0.3789 0.9254 0.0055
n -0.0860 0.9925 -0.0869
n -0.0418 0.9990 0.0188
n 0.0271 0.9903 -0.1362
n -0.0329 0.9982 -0.0510
n 0.0787 0.9916 -0.1022
n -0.0263 0.9992 -0.0287
n 0.0111 0.9923 -0.1234
n -0.0257 0.9941 -0.1056
n 0.0059 0.9946 -0.1040
n -0.0497 0.9933 -0.1042
n -0.0430 0.9905 -0.1309
n -0.0813 0.9956 -0.0472
n -0.0024 0.9907 -0.1364
n 0.2288 0.9710 -0.0689

f 41/1/1 86/2/1 105/3/1
f 93/4/2 6/5/2 87/6/2
f 89/7/3 8/8/3 88/9/3
f 85/10/4 10/11/4 89/7/4
f 8/8/5 90/12/5 88/9/5
f 92/13/6 13/14/6 91/15/6
f 11/16/7 92/13/7 90/12/7
f 91/15/8 17/17/8 93/4/8
f 23/18/9 94/19/9 96/20/9
f 97/21/10 22/22/10 95/23/10
f 95/23/11 23/18/11 96/20/11
f 87/6/12 26/24/12 97/21/12
f 99/25/13 27/26/13 98/27/13
f 94/19/14 30/28/14 99/25/14
f 98/27/15 31/29/15 100/30/15
f 102/31/16 33/32/16 101/33/16
f 103/34/17 36/35/17 102/31/17
f 100/30/18 38/36/18 103/34/18
f 33/32/19 104/37/19 101/33/19
f 39/38/20 105/3/20 104/37/20
f 62/39/21 273/40/21 272/41/21
f 59/42/22 272/41/22 269/43/22
f 268/44/23 61/45/23 271/46/23
f 61/45/24 270/47/24 271/46/24
f 270/47/25 59/42/25 269/43/25
f 56/48/26 268/44/26 266/49/26
f 52/50/27 267/51/27 262/52/27
f 57/53/28 266/49/28 267/51/28
f 45/54/29 265/55/29 255/56/29
f 263/57/30 54/58/30 264/59/30
f 55/60/31 263/57/31 265/55/31
f 264/59/32 52/50/32 262/52/32
f 49/61/33 261/62/33 259/63/33
f 258/64/34 50/65/34 260/66/34
f 260/66/35 49/61/35 259/63/35
f 46/67/36 258/64/36 256/68/36
f 43/69/37 257/70/37 253/71/37
f 47/72/38 256/68/38 257/70/38
f 51/73/39 255/56/39 261/62/39
f 63/74/40 254/75/40 273/40/40
f 168/76/41 64/77/41 149/78/41
f 156/79/42 65/80/42 150/81/42
f 67/82/43 151/83/43 152/84/43
f 148/85/44 67/82/44 152/84/44
f 66/86/45 153/87/45 151/83/45
f 155/88/46 69/89/46 154/90/46
f 68/91/47 155/88/47 153/87/47
f 154/90/48 71/92/48 156/79/48
f 159/93/49 72/94/49 157/95/49
f 160/96/50 73/97/50 158/98/50
f 158/98/51 74/99/51 159/93/51
f 150/81/52 75/100/52 160/96/52
f 162/101/53 76/102/53 161/103/53
f 72/94/54 162/101/54 157/95/54
f 161/103/55 78/104/55 163/105/55
f 80/106/56 164/107/56 165/108/56
f 166/109/57 80/106/57 165/108/57
f 163/105/58 81/110/58 166/109/58
f 79/111/59 167/112/59 164/107/59
f 167/112/60 83/113/60 168/76/60
f 104/37/61 336/114/61 335/115/61
f 101/33/62 335/115/62 332/116/62
f 331/117/63 103/34/63 334/118/63
f 103/34/64 333/119/64 334/118/64
f 102/31/65 332/116/65 333/119/65
f 329/120/66 100/30/66 331/117/66
f 325/121/67 99/25/67 330/122/67
f 330/122/68 98/27/68 329/120/68
f 318/123/69 97/21/69 328/124/69
f 326/125/70 96/20/70 327/126/70
f 328/124/71 95/23/71 326/125/71
f 327/126/72 94/19/72 325/121/72
f 322/127/73 93/4/73 324/128/73
f 90/12/74 323/129/74 321/130/74
f 323/129/75 91/15/75 322/127/75
f 319/131/76 90/12/76 321/130/76
f 316/132/77 89/7/77 320/133/77
f 320/133/78 88/9/78 319/131/78
f 324/128/79 87/6/79 318/123/79
f 105/3/80 317/134/80 336/114/80
f 145/135/81 125/136/81 146/137/81
f 121/138/82 145/135/82 142/139/82
f 141/140/83 123/141/83 144/142/83
f 144/142/84 122/143/84 143/144/84
f 122/143/85 142/139/85 143/144/85
f 118/145/86 141/140/86 139/146/86
f 114/147/87 140/148/87 135/149/87
f 140/148/88 118/145/88 139/146/88
f 107/150/89 138/151/89 128/152/89
f 136/153/90 116/154/90 137/155/90
f 117/156/91 136/153/91 138/151/91
f 137/155/92 114/147/92 135/149/92
f 111/157/93 134/158/93 132/159/93
f 110/160/94 133/161/94 131/162/94
f 112/163/95 132/159/95 133/161/95
f 108/164/96 131/162/96 129/165/96
f 126/166/97 130/167/97 147/168/97
f 109/169/97 129/165/97 130/167/97
f 113/170/98 128/152/98 134/158/98
f 146/137/99 106/171/99 127/172/99
f 42/173/100 127/172/100 3/174/100
f 134/158/101 5/175/101 18/176/101
f 130/167/97 7/177/97 9/178/97
f 147/168/97 9/178/97 1/179/97
f 129/165/97 12/180/97 7/177/97
f 133/161/97 14/181/97 15/182/97
f 131/162/97 15/182/97 12/180/97
f 132/159/102 18/176/102 14/181/102
f 24/183/103 135/149/103 20/184/103
f 138/151/104 21/185/104 25/186/104
f 21/185/105 137/155/105 24/183/105
f 128/152/106 25/186/106 5/175/106
f 29/187/107 139/146/107 28/188/107
f 20/184/108 140/148/108 29/187/108
f 139/146/109 32/189/109 28/188/109
f 143/144/110 34/190/110 35/191/110
f 144/142/111 35/191/111 37/192/111
f 141/140/112 37/192/112 32/189/112
f 142/139/113 40/193/113 34/190/113
f 145/135/114 42/173/114 40/193/114
f 187/194/115 168/76/115 188/195/115
f 184/196/116 167/112/116 187/194/116
f 183/197/117 166/109/117 186/198/117
f 186/198/118 165/108/118 185/199/118
f 165/108/119 184/196/119 185/199/119
f 181/200/120 163/105/120 183/197/120
f 157/95/121 182/201/121 177/202/121
f 162/101/122 181/200/122 182/201/122
f 150/81/123 180/203/123 170/204/123
f 178/205/124 159/93/124 179/206/124
f 180/203/125 158/98/125 178/205/125
f 179/206/126 157/95/126 177/202/126
f 154/90/127 176/207/127 174/208/127
f 153/87/128 175/209/128 173/210/128
f 155/88/129 174/208/129 175/209/129
f 151/83/130 173/210/130 171/211/130
f 148/85/131 172/212/131 189/213/131
f 172/212/132 151/83/132 171/211/132
f 156/79/133 170/204/133 176/207/133
f 188/195/134 149/78/134 169/214/134
f 188/195/135 106/171/135 125/136/135
f 176/207/136 107/150/136 113/170/136
f 172/212/137 108/164/137 109/169/137
f 189/213/97 109/169/97 126/166/97
f 171/211/138 110/160/138 108/164/138
f 175/209/139 111/157/139 112/163/139
f 173/210/140 112/163/140 110/160/140
f 174/208/141 113/170/141 111/157/141
f 179/206/142 114/147/142 116/154/142
f 180/203/143 115/215/143 117/156/143
f 178/205/144 116/154/144 115/215/144
f 170/204/145 117/156/145 107/150/145
f 182/201/146 118/145/146 119/216/146
f 177/202/147 119/216/147 114/147/147
f 118/145/148 183/197/148 120/217/148
f 185/199/149 121/138/149 122/143/149
f 123/141/150 185/199/150 122/143/150
f 120/217/151 186/198/151 123/141/151
f 121/138/152 187/194/152 124/218/152
f 124/218/153 188/195/153 125/136/153
f 210/219/154 211/220/154 230/221/154
f 218/222/155 192/223/155 212/224/155
f 194/225/156 213/226/156 214/227/156
f 231/228/157 194/225/157 214/227/157
f 213/226/158 195/229/158 215/230/158
f 217/231/159 196/232/159 216/233/159
f 215/230/160 197/234/160 217/231/160
f 216/233/161 198/235/161 218/222/161
f 201/236/162 219/237/162 221/238/162
f 222/239/163 200/240/163 220/241/163
f 200/240/164 221/238/164 220/241/164
f 212/224/165 202/242/165 222/239/165
f 204/243/166 223/244/166 224/245/166
f 219/237/167 204/243/167 224/245/167
f 223/244/168 205/246/168 225/247/168
f 227/248/169 206/249/169 226/250/169
f 208/251/170 227/248/170 228/252/170
f 205/246/171 228/252/171 225/247/171
f 226/250/172 209/253/172 229/254/172
f 229/254/173 210/219/173 230/221/173
f 82/255/174 230/221/174 83/113/174
f 226/250/175 82/255/175 79/111/175
f 225/247/176 81/110/176 78/104/176
f 228/252/177 80/106/177 81/110/177
f 227/248/178 79/111/178 80/106/178
f 76/102/179 225/247/179 78/104/179
f 72/94/180 224/245/180 77/256/180
f 224/245/181 76/102/181 77/256/181
f 65/80/182 222/239/182 75/100/182
f 73/97/183 221/238/183 74/99/183
f 222/239/184 73/97/184 75/100/184
f 74/99/185 219/237/185 72/94/185
f 69/89/186 218/222/186 71/92/186
f 215/230/187 70/257/187 68/91/187
f 70/257/188 216/233/188 69/89/188
f 213/226/189 68/91/189 66/86/189
f 84/258/190 214/227/190 67/82/190
f 214/227/191 66/86/191 67/82/191
f 71/92/192 212/224/192 65/80/192
f 230/221/193 64/77/193 83/113/193
f 252/259/194 191/260/194 210/219/194
f 198/235/195 234/261/195 192/223/195
f 194/225/196 235/262/196 193/263/196
f 190/264/197 236/265/197 194/225/197
f 193/263/198 237/266/198 195/229/198
f 239/267/199 196/232/199 197/234/199
f 195/229/200 239/267/200 197/234/200
f 196/232/201 240/268/201 198/235/201
f 243/269/202 199/270/202 201/236/202
f 202/242/203 242/271/203 200/240/203
f 200/240/204 243/269/204 201/236/204
f 192/223/205 244/272/205 202/242/205
f 204/243/206 245/273/206 203/274/206
f 199/270/207 246/275/207 204/243/207
f 245/273/208 205/246/208 203/274/208
f 207/276/209 248/277/209 206/249/209
f 250/278/210 207/276/210 208/251/210
f 247/279/211 208/251/211 205/246/211
f 206/249/212 251/280/212 209/253/212
f 209/253/213 252/259/213 210/219/213
f 252/259/214 254/75/214 233/281/214
f 240/268/215 255/56/215 234/261/215
f 236/265/216 256/68/216 235/262/216
f 253/71/217 236/265/217 232/282/217
f 235/262/218 258/64/218 237/266/218
f 260/66/219 238/283/219 239/267/219
f 237/266/220 260/66/220 239/267/220
f 238/283/221 261/62/221 240/268/221
f 243/269/222 262/52/222 241/284/222
f 265/55/223 242/271/223 244/272/223
f 242/271/224 264/59/224 243/269/224
f 234/261/225 265/55/225 244/272/225
f 246/275/226 266/49/226 245/273/226
f 262/52/227 246/275/227 241/284/227
f 266/49/228 247/279/228 245/273/228
f 270/47/229 248/277/229 249/285/229
f 271/46/230 249/285/230 250/278/230
f 247/279/231 271/46/231 250/278/231
f 269/43/232 251/280/232 248/277/232
f 272/41/233 252/259/233 251/280/233
f 441/286/234 274/287/234 422/288/234
f 429/289/235 275/290/235 423/291/235
f 277/292/236 424/293/236 425/294/236
f 421/295/237 277/292/237 425/294/237
f 276/296/238 426/297/238 424/293/238
f 428/298/239 279/299/239 427/300/239
f 278/301/240 428/298/240 426/297/240
f 427/300/241 281/302/241 429/289/241
f 284/303/242 430/304/242 432/305/242
f 433/306/243 283/307/243 431/308/243
f 431/308/244 284/303/244 432/305/244
f 423/291/245 285/309/245 433/306/245
f 287/310/246 434/311/246 435/312/246
f 282/313/247 435/312/247 430/304/247
f 286/314/248 436/315/248 434/311/248
f 290/316/249 437/317/249 438/318/249
f 291/319/250 438/318/250 439/320/250
f 436/315/251 291/319/251 439/320/251
f 289/321/252 440/322/252 437/317/252
f 440/322/253 293/323/253 441/286/253
f 313/324/254 377/325/254 376/326/254
f 310/327/255 376/326/255 373/328/255
f 372/329/256 312/330/256 375/331/256
f 375/331/257 311/332/257 374/333/257
f 311/332/258 373/328/258 374/333/258
f 370/334/259 309/335/259 372/329/259
f 366/336/260 308/337/260 371/338/260
f 308/337/261 370/334/261 371/338/261
f 359/339/262 306/340/262 369/341/262
f 304/342/263 368/343/263 367/344/263
f 369/341/264 304/342/264 367/344/264
f 305/345/265 366/336/265 368/343/265
f 300/346/266 365/347/266 363/348/266
f 362/349/267 301/350/267 364/351/267
f 364/351/268 300/346/268 363/348/268
f 360/352/269 299/353/269 362/349/269
f 378/354/270 298/355/270 361/356/270
f 361/356/271 297/357/271 360/352/271
f 365/347/272 296/358/272 359/339/272
f 314/359/273 358/360/273 377/325/273
f 336/114/274 337/361/274 356/362/274
f 324/128/275 338/363/275 344/364/275
f 340/365/276 319/131/276 339/366/276
f 316/132/277 340/365/277 357/367/277
f 339/366/278 321/130/278 341/368/278
f 323/129/279 342/369/279 343/370/279
f 341/368/280 323/129/280 343/370/280
f 322/127/281 344/364/281 342/369/281
f 327/126/282 345/371/282 347/372/282
f 348/373/283 326/125/283 346/374/283
f 326/125/284 347/372/284 346/374/284
f 318/123/285 348/373/285 338/363/285
f 330/122/286 349/375/286 350/376/286
f 325/121/287 350/376/287 345/371/287
f 349/375/288 331/117/288 351/377/288
f 333/119/289 352/378/289 353/379/289
f 334/118/290 353/379/290 354/380/290
f 351/377/291 334/118/291 354/380/291
f 332/116/292 355/381/292 352/378/292
f 335/115/293 356/362/293 355/381/293
f 292/382/294 356/362/294 293/323/294
f 289/321/295 355/381/295 292/382/295
f 351/377/296 291/319/296 288/383/296
f 354/380/297 290/316/297 291/319/297
f 353/379/298 289/321/298 290/316/298
f 349/375/299 288/383/299 286/314/299
f 345/371/300 287/310/300 282/313/300
f 350/376/301 286/314/301 287/310/301
f 338/363/302 285/309/302 275/290/302
f 283/307/303 347/372/303 284/303/303
f 285/309/304 346/374/304 283/307/304
f 347/372/305 282/313/305 284/303/305
f 279/299/306 344/364/306 281/302/306
f 341/368/307 280/384/307 278/301/307
f 280/384/308 342/369/308 279/299/308
f 339/366/309 278/301/309 276/296/309
f 294/385/310 340/365/310 277/292/310
f 277/292/311 339/366/311 276/296/311
f 344/364/312 275/290/312 281/302/312
f 293/323/313 337/361/313 274/287/313
f 377/325/314 44/386/314 63/74/314
f 51/73/315 359/339/315 45/54/315
f 361/356/316 46/67/316 47/72/316
f 378/354/317 47/72/317 43/69/317
f 360/352/318 48/387/318 46/67/318
f 50/65/319 363/348/319 49/61/319
f 48/387/320 364/351/320 50/65/320
f 49/61/321 365/347/321 51/73/321
f 54/58/322 366/336/322 52/50/322
f 55/60/323 367/344/323 53/388/323
f 53/388/324 368/343/324 54/58/324
f 45/54/325 369/341/325 55/60/325
f 57/53/326 370/334/326 56/48/326
f 366/336/327 57/53/327 52/50/327
f 370/334/328 58/389/328 56/48/328
f 60/390/329 373/328/329 59/42/329
f 375/331/330 60/390/330 61/45/330
f 372/329/331 61/45/331 58/389/331
f 373/328/332 62/39/332 59/42/332
f 376/326/333 63/74/333 62/39/333
f 398/391/334 419/392/334 418/393/334
f 415/394/335 398/391/335 418/393/335
f 414/395/336 397/396/336 417/397/336
f 397/396/337 416/398/337 417/397/337
f 416/398/338 395/399/338 415/394/338
f 412/400/339 394/401/339 414/395/339
f 388/402/340 413/403/340 408/404/340
f 413/403/341 392/405/341 412/400/341
f 381/406/342 411/407/342 401/408/342
f 389/409/343 410/410/343 409/411/343
f 391/412/344 409/411/344 411/407/344
f 390/413/345 408/404/345 410/410/345
f 405/414/346 387/415/346 407/416/346
f 384/417/347 406/418/347 404/419/347
f 406/418/348 385/420/348 405/414/348
f 382/421/349 404/419/349 402/422/349
f 420/423/350 383/424/350 403/425/350
f 383/424/351 402/422/351 403/425/351
f 387/415/352 401/408/352 407/416/352
f 419/392/353 380/426/353 400/427/353
f 419/392/354 295/428/354 314/359/354
f 407/416/355 296/358/355 302/429/355
f 298/355/356 402/422/356 297/357/356
f 315/430/357 403/425/357 298/355/357
f 402/422/358 299/353/358 297/357/358
f 301/350/359 405/414/359 300/346/359
f 299/353/360 406/418/360 301/350/360
f 405/414/361 302/429/361 300/346/361
f 410/410/362 303/431/362 305/345/362
f 411/407/363 304/342/363 306/340/363
f 409/411/364 305/345/364 304/342/364
f 401/408/365 306/340/365 296/358/365
f 413/403/366 307/432/366 308/337/366
f 408/404/367 308/337/367 303/431/367
f 412/400/368 309/335/368 307/432/368
f 416/398/369 310/327/369 311/332/369
f 312/330/370 416/398/370 311/332/370
f 414/395/371 312/330/371 309/335/371
f 415/394/372 313/324/372 310/327/372
f 418/393/373 314/359/373 313/324/373
f 398/391/374 441/286/374 399/433/374
f 395/399/375 440/322/375 398/391/375
f 394/401/376 439/320/376 397/396/376
f 439/320/377 396/434/377 397/396/377
f 438/318/378 395/399/378 396/434/378
f 392/405/379 436/315/379 394/401/379
f 430/304/380 393/435/380 388/402/380
f 435/312/381 392/405/381 393/435/381
f 381/406/382 433/306/382 391/412/382
f 431/308/383 390/413/383 389/409/383
f 391/412/384 431/308/384 389/409/384
f 432/305/385 388/402/385 390/413/385
f 385/420/386 429/289/386 387/415/386
f 426/297/387 386/436/387 384/417/387
f 386/436/388 427/300/388 385/420/388
f 424/293/389 384/417/389 382/421/389
f 421/295/390 383/424/390 379/437/390
f 425/294/391 382/421/391 383/424/391
f 429/289/392 381/406/392 387/415/392
f 399/433/393 422/288/393 380/426/393
f 41/1/394 4/438/394 86/2/394
f 93/4/395 17/17/395 6/5/395
f 89/7/396 10/11/396 8/8/396
f 85/10/397 2/439/397 10/11/397
f 8/8/398 11/16/398 90/12/398
f 92/13/399 16/440/399 13/14/399
f 11/16/400 16/440/400 92/13/400
f 91/15/401 13/14/401 17/17/401
f 23/18/402 19/441/402 94/19/402
f 97/21/403 26/24/403 22/22/403
f 95/23/404 22/22/404 23/18/404
f 87/6/405 6/5/405 26/24/405
f 99/25/406 30/28/406 27/26/406
f 94/19/407 19/441/407 30/28/407
f 98/27/408 27/26/408 31/29/408
f 102/31/409 36/35/409 33/32/409
f 103/34/410 38/36/410 36/35/410
f 100/30/411 31/29/411 38/36/411
f 33/32/412 39/38/412 104/37/412
f 39/38/413 41/1/413 105/3/413
f 62/39/414 63/74/414 273/40/414
f 59/42/415 62/39/415 272/41/415
f 268/44/416 58/389/416 61/45/416
f 61/45/417 60/390/417 270/47/417
f 270/47/418 60/390/418 59/42/418
f 56/48/419 58/389/419 268/44/419
f 52/50/420 57/53/420 267/51/420
f 57/53/421 56/48/421 266/49/421
f 45/54/422 55/60/422 265/55/422
f 263/57/423 53/388/423 54/58/423
f 55/60/424 53/388/424 263/57/424
f 264/59/425 54/58/425 52/50/425
f 49/61/426 51/73/426 261/62/426
f 258/64/427 48/387/427 50/65/427
f 260/66/428 50/65/428 49/61/428
f 46/67/429 48/387/429 258/64/429
f 43/69/430 47/72/430 257/70/430
f 47/72/431 46/67/431 256/68/431
f 51/73/432 45/54/432 255/56/432
f 63/74/433 44/386/433 254/75/433
f 168/76/434 83/113/434 64/77/434
f 156/79/435 71/92/435 65/80/435
f 67/82/436 66/86/436 151/83/436
f 148/85/437 84/258/437 67/82/437
f 66/86/438 68/91/438 153/87/438
f 155/88/439 70/257/439 69/89/439
f 68/91/440 70/257/440 155/88/440
f 154/90/441 69/89/441 71/92/441
f 159/93/442 74/99/442 72/94/442
f 160/96/443 75/100/443 73/97/443
f 158/98/444 73/97/444 74/99/444
f 150/81/445 65/80/445 75/100/445
f 162/101/446 77/256/446 76/102/446
f 72/94/447 77/256/447 162/101/447
f 161/103/448 76/102/448 78/104/448
f 80/106/449 79/111/449 164/107/449
f 166/109/450 81/110/450 80/106/450
f 163/105/451 78/104/451 81/110/451
f 79/111/452 82/255/452 167/112/452
f 167/112/453 82/255/453 83/113/453
f 104/37/454 105/3/454 336/114/454
f 101/33/455 104/37/455 335/115/455
f 331/117/456 100/30/456 103/34/456
f 103/34/457 102/31/457 333/119/457
f 102/31/458 101/33/458 332/116/458
f 329/120/459 98/27/459 100/30/459
f 325/121/460 94/19/460 99/25/460
f 330/122/461 99/25/461 98/27/461
f 318/123/462 87/6/462 97/21/462
f 326/125/463 95/23/463 96/20/463
f 328/124/464 97/21/464 95/23/464
f 327/126/465 96/20/465 94/19/465
f 322/127/466 91/15/466 93/4/466
f 90/12/467 92/13/467 323/129/467
f 323/129/468 92/13/468 91/15/468
f 319/131/469 88/9/469 90/12/469
f 316/132/470 85/10/470 89/7/470
f 320/133/471 89/7/471 88/9/471
f 324/128/472 93/4/472 87/6/472
f 105/3/473 86/2/473 317/134/473
f 145/135/474 124/218/474 125/136/474
f 121/138/475 124/218/475 145/135/475
f 141/140/476 120/217/476 123/141/476
f 144/142/477 123/141/477 122/143/477
f 122/143/478 121/138/478 142/139/478
f 118/145/479 120/217/479 141/140/479
f 114/147/480 119/216/480 140/148/480
f 140/148/481 119/216/481 118/145/481
f 107/150/482 117/156/482 138/151/482
f 136/153/483 115/215/483 116/154/483
f 117/156/484 115/215/484 136/153/484
f 137/155/485 116/154/485 114/147/485
f 111/157/486 113/170/486 134/158/486
f 110/160/487 112/163/487 133/161/487
f 112/163/488 111/157/488 132/159/488
f 108/164/489 110/160/489 131/162/489
f 126/166/97 109/169/97 130/167/97
f 109/169/490 108/164/490 129/165/490
f 113/170/491 107/150/491 128/152/491
f 146/137/492 125/136/492 106/171/492
f 42/173/493 146/137/493 127/172/493
f 134/158/494 128/152/494 5/175/494
f 130/167/97 129/165/97 7/177/97
f 147/168/97 130/167/97 9/178/97
f 129/165/97 131/162/97 12/180/97
f 133/161/495 132/159/495 14/181/495
f 131/162/97 133/161/97 15/182/97
f 132/159/496 134/158/496 18/176/496
f 24/183/497 137/155/497 135/149/497
f 138/151/498 136/153/498 21/185/498
f 21/185/499 136/153/499 137/155/499
f 128/152/500 138/151/500 25/186/500
f 29/187/501 140/148/501 139/146/501
f 20/184/502 135/149/502 140/148/502
f 139/146/503 141/140/503 32/189/503
f 143/144/504 142/139/504 34/190/504
f 144/142/505 143/144/505 35/191/505
f 141/140/506 144/142/506 37/192/506
f 142/139/507 145/135/507 40/193/507
f 145/135/508 146/137/508 42/173/508
f 187/194/509 167/112/509 168/76/509
f 184/196/510 164/107/510 167/112/510
f 183/197/511 163/105/511 166/109/511
f 186/198/512 166/109/512 165/108/512
f 165/108/513 164/107/513 184/196/513
f 181/200/514 161/103/514 163/105/514
f 157/95/515 162/101/515 182/201/515
f 162/101/516 161/103/516 181/200/516
f 150/81/517 160/96/517 180/203/517
f 178/205/518 158/98/518 159/93/518
f 180/203/519 160/96/519 158/98/519
f 179/206/520 159/93/520 157/95/520
f 154/90/521 156/79/521 176/207/521
f 153/87/522 155/88/522 175/209/522
f 155/88/523 154/90/523 174/208/523
f 151/83/524 153/87/524 173/210/524
f 148/85/525 152/84/525 172/212/525
f 172/212/526 152/84/526 151/83/526
f 156/79/527 150/81/527 170/204/527
f 188/195/528 168/76/528 149/78/528
f 188/195/529 169/214/529 106/171/529
f 176/207/530 170/204/530 107/150/530
f 172/212/531 171/211/531 108/164/531
f 189/213/532 172/212/532 109/169/532
f 171/211/533 173/210/533 110/160/533
f 175/209/534 174/208/534 111/157/534
f 173/210/535 175/209/535 112/163/535
f 174/208/536 176/207/536 113/170/536
f 179/206/537 177/202/537 114/147/537
f 180/203/538 178/205/538 115/215/538
f 178/205/539 179/206/539 116/154/539
f 170/204/540 180/203/540 117/156/540
f 182/201/541 181/200/541 118/145/541
f 177/202/542 182/201/542 119/216/542
f 118/145/543 181/200/543 183/197/543
f 185/199/544 184/196/544 121/138/544
f 123/141/545 186/198/545 185/199/545
f 120/217/546 183/197/546 186/198/546
f 121/138/547 184/196/547 187/194/547
f 124/218/548 187/194/548 188/195/548
f 210/219/549 191/260/549 211/220/549
f 218/222/550 198/235/550 192/223/550
f 194/225/551 193/263/551 213/226/551
f 231/228/552 190/264/552 194/225/552
f 213/226/553 193/263/553 195/229/553
f 217/231/554 197/234/554 196/232/554
f 215/230/555 195/229/555 197/234/555
f 216/233/556 196/232/556 198/235/556
f 201/236/557 199/270/557 219/237/557
f 222/239/558 202/242/558 200/240/558
f 200/240/559 201/236/559 221/238/559
f 212/224/560 192/223/560 202/242/560
f 204/243/561 203/274/561 223/244/561
f 219/237/562 199/270/562 204/243/562
f 223/244/563 203/274/563 205/246/563
f 227/248/564 207/276/564 206/249/564
f 208/251/565 207/276/565 227/248/565
f 205/246/566 208/251/566 228/252/566
f 226/250/567 206/249/567 209/253/567
f 229/254/568 209/253/568 210/219/568
f 82/255/569 229/254/569 230/221/569
f 226/250/570 229/254/570 82/255/570
f 225/247/571 228/252/571 81/110/571
f 228/252/572 227/248/572 80/106/572
f 227/248/573 226/250/573 79/111/573
f 76/102/574 223/244/574 225/247/574
f 72/94/575 219/237/575 224/245/575
f 224/245/576 223/244/576 76/102/576
f 65/80/577 212/224/577 222/239/577
f 73/97/578 220/241/578 221/238/578
f 222/239/579 220/241/579 73/97/579
f 74/99/580 221/238/580 219/237/580
f 69/89/581 216/233/581 218/222/581
f 215/230/582 217/231/582 70/257/582
f 70/257/583 217/231/583 216/233/583
f 213/226/584 215/230/584 68/91/584
f 84/258/585 231/228/585 214/227/585
f 214/227/586 213/226/586 66/86/586
f 71/92/587 218/222/587 212/224/587
f 230/221/588 211/220/588 64/77/588
f 252/259/589 233/281/589 191/260/589
f 198/235/590 240/268/590 234/261/590
f 194/225/591 236/265/591 235/262/591
f 190/264/217 232/282/217 236/265/217
f 193/263/592 235/262/592 237/266/592
f 239/267/593 238/283/593 196/232/593
f 195/229/594 237/266/594 239/267/594
f 196/232/595 238/283/595 240/268/595
f 243/269/596 241/284/596 199/270/596
f 202/242/597 244/272/597 242/271/597
f 200/240/598 242/271/598 243/269/598
f 192/223/599 234/261/599 244/272/599
f 204/243/600 246/275/600 245/273/600
f 199/270/601 241/284/601 246/275/601
f 245/273/602 247/279/602 205/246/602
f 207/276/603 249/285/603 248/277/603
f 250/278/604 249/285/604 207/276/604
f 247/279/605 250/278/605 208/251/605
f 206/249/606 248/277/606 251/280/606
f 209/253/607 251/280/607 252/259/607
f 252/259/608 273/40/608 254/75/608
f 240/268/609 261/62/609 255/56/609
f 236/265/610 257/70/610 256/68/610
f 253/71/611 257/70/611 236/265/611
f 235/262/612 256/68/612 258/64/612
f 260/66/613 259/63/613 238/283/613
f 237/266/614 258/64/614 260/66/614
f 238/283/615 259/63/615 261/62/615
f 243/269/616 264/59/616 262/52/616
f 265/55/617 263/57/617 242/271/617
f 242/271/618 263/57/618 264/59/618
f 234/261/619 255/56/619 265/55/619
f 246/275/620 267/51/620 266/49/620
f 262/52/621 267/51/621 246/275/621
f 266/49/622 268/44/622 247/279/622
f 270/47/623 269/43/623 248/277/623
f 271/46/624 270/47/624 249/285/624
f 247/279/625 268/44/625 271/46/625
f 269/43/626 272/41/626 251/280/626
f 272/41/627 273/40/627 252/259/627
f 441/286/628 293/323/628 274/287/628
f 429/289/629 281/302/629 275/290/629
f 277/292/630 276/296/630 424/293/630
f 421/295/631 294/385/631 277/292/631
f 276/296/632 278/301/632 426/297/632
f 428/298/633 280/384/633 279/299/633
f 278/301/634 280/384/634 428/298/634
f 427/300/635 279/299/635 281/302/635
f 284/303/636 282/313/636 430/304/636
f 433/306/637 285/309/637 283/307/637
f 431/308/638 283/307/638 284/303/638
f 423/291/639 275/290/639 285/309/639
f 287/310/640 286/314/640 434/311/640
f 282/313/641 287/310/641 435/312/641
f 286/314/642 288/383/642 436/315/642
f 290/316/643 289/321/643 437/317/643
f 291/319/644 290/316/644 438/318/644
f 436/315/251 288/383/251 291/319/251
f 289/321/645 292/382/645 440/322/645
f 440/322/646 292/382/646 293/323/646
f 313/324/647 314/359/647 377/325/647
f 310/327/648 313/324/648 376/326/648
f 372/329/649 309/335/649 312/330/649
f 375/331/650 312/330/650 311/332/650
f 311/332/651 310/327/651 373/328/651
f 370/334/652 307/432/652 309/335/652
f 366/336/653 303/431/653 308/337/653
f 308/337/654 307/432/654 370/334/654
f 359/339/655 296/358/655 306/340/655
f 304/342/656 305/345/656 368/343/656
f 369/341/657 306/340/657 304/342/657
f 305/345/658 303/431/658 366/336/658
f 300/346/659 302/429/659 365/347/659
f 362/349/660 299/353/660 301/350/660
f 364/351/661 301/350/661 300/346/661
f 360/352/662 297/357/662 299/353/662
f 378/354/663 315/430/663 298/355/663
f 361/356/664 298/355/664 297/357/664
f 365/347/665 302/429/665 296/358/665
f 314/359/666 295/428/666 358/360/666
f 336/114/667 317/134/667 337/361/667
f 324/128/668 318/123/668 338/363/668
f 340/365/669 320/133/669 319/131/669
f 316/132/77 320/133/77 340/365/77
f 339/366/670 319/131/670 321/130/670
f 323/129/671 322/127/671 342/369/671
f 341/368/672 321/130/672 323/129/672
f 322/127/673 324/128/673 344/364/673
f 327/126/674 325/121/674 345/371/674
f 348/373/675 328/124/675 326/125/675
f 326/125/676 327/126/676 347/372/676
f 318/123/677 328/124/677 348/373/677
f 330/122/678 329/120/678 349/375/678
f 325/121/679 330/122/679 350/376/679
f 349/375/680 329/120/680 331/117/680
f 333/119/681 332/116/681 352/378/681
f 334/118/682 333/119/682 353/379/682
f 351/377/683 331/117/683 334/118/683
f 332/116/684 335/115/684 355/381/684
f 335/115/685 336/114/685 356/362/685
f 292/382/686 355/381/686 356/362/686
f 289/321/687 352/378/687 355/381/687
f 351/377/688 354/380/688 291/319/688
f 354/380/689 353/379/689 290/316/689
f 353/379/690 352/378/690 289/321/690
f 349/375/691 351/377/691 288/383/691
f 345/371/692 350/376/692 287/310/692
f 350/376/693 349/375/693 286/314/693
f 338/363/694 348/373/694 285/309/694
f 283/307/695 346/374/695 347/372/695
f 285/309/696 348/373/696 346/374/696
f 347/372/697 345/371/697 282/313/697
f 279/299/698 342/369/698 344/364/698
f 341/368/699 343/370/699 280/384/699
f 280/384/700 343/370/700 342/369/700
f 339/366/701 341/368/701 278/301/701
f 294/385/702 357/367/702 340/365/702
f 277/292/703 340/365/703 339/366/703
f 344/364/704 338/363/704 275/290/704
f 293/323/705 356/362/705 337/361/705
f 377/325/706 358/360/706 44/386/706
f 51/73/707 365/347/707 359/339/707
f 361/356/708 360/352/708 46/67/708
f 378/354/709 361/356/709 47/72/709
f 360/352/710 362/349/710 48/387/710
f 50/65/711 364/351/711 363/348/711
f 48/387/712 362/349/712 364/351/712
f 49/61/713 363/348/713 365/347/713
f 54/58/714 368/343/714 366/336/714
f 55/60/715 369/341/715 367/344/715
f 53/388/716 367/344/716 368/343/716
f 45/54/717 359/339/717 369/341/717
f 57/53/718 371/338/718 370/334/718
f 366/336/719 371/338/719 57/53/719
f 370/334/720 372/329/720 58/389/720
f 60/390/721 374/333/721 373/328/721
f 375/331/722 374/333/722 60/390/722
f 372/329/723 375/331/723 61/45/723
f 373/328/724 376/326/724 62/39/724
f 376/326/725 377/325/725 63/74/725
f 398/391/726 399/433/726 419/392/726
f 415/394/727 395/399/727 398/391/727
f 414/395/728 394/401/728 397/396/728
f 397/396/729 396/434/729 416/398/729
f 416/398/730 396/434/730 395/399/730
f 412/400/731 392/405/731 394/401/731
f 388/402/732 393/435/732 413/403/732
f 413/403/733 393/435/733 392/405/733
f 381/406/734 391/412/734 411/407/734
f 389/409/735 390/413/735 410/410/735
f 391/412/736 389/409/736 409/411/736
f 390/413/737 388/402/737 408/404/737
f 405/414/738 385/420/738 387/415/738
f 384/417/739 386/436/739 406/418/739
f 406/418/740 386/436/740 385/420/740
f 382/421/741 384/417/741 404/419/741
f 420/423/742 379/437/742 383/424/742
f 383/424/743 382/421/743 402/422/743
f 387/415/744 381/406/744 401/408/744
f 419/392/745 399/433/745 380/426/745
f 419/392/746 400/427/746 295/428/746
f 407/416/747 401/408/747 296/358/747
f 298/355/748 403/425/748 402/422/748
f 315/430/749 420/423/749 403/425/749
f 402/422/750 404/419/750 299/353/750
f 301/350/751 406/418/751 405/414/751
f 299/353/752 404/419/752 406/418/752
f 405/414/753 407/416/753 302/429/753
f 410/410/754 408/404/754 303/431/754
f 411/407/755 409/411/755 304/342/755
f 409/411/756 410/410/756 305/345/756
f 401/408/757 411/407/757 306/340/757
f 413/403/758 412/400/758 307/432/758
f 408/404/759 413/403/759 308/337/759
f 412/400/760 414/395/760 309/335/760
f 416/398/761 415/394/761 310/327/761
f 312/330/762 417/397/762 416/398/762
f 414/395/763 417/397/763 312/330/763
f 415/394/764 418/393/764 313/324/764
f 418/393/765 419/392/765 314/359/765
f 398/391/766 440/322/766 441/286/766
f 395/399/767 437/317/767 440/322/767
f 394/401/768 436/315/768 439/320/768
f 439/320/769 438/318/769 396/434/769
f 438/318/770 437/317/770 395/399/770
f 392/405/771 434/311/771 436/315/771
f 430/304/772 435/312/772 393/435/772
f 435/312/773 434/311/773 392/405/773
f 381/406/774 423/291/774 433/306/774
f 431/308/775 432/305/775 390/413/775
f 391/412/776 433/306/776 431/308/776
f 432/305/777 430/304/777 388/402/777
f 385/420/778 427/300/778 429/289/778
f 426/297/779 428/298/779 386/436/779
f 386/436/780 428/298/780 427/300/780
f 424/293/781 426/297/781 384/417/781
f 421/295/782 425/294/782 383/424/782
f 425/294/783 424/293/783 382/421/783
f 429/289/784 423/291/784 381/406/784
f 399/433/785 441/286/785 422/288/785
